204 141 633
-0.015399396 -0.29333496 0.27579629 0.040935069 -0.23661137 0.25068605
-0.031156003 -0.22092628 0.28972644 0.024101108 -0.19227409 0.29731262 -0.095458761 -0.19264793 0.0030412674
-0.060397267 0.032318115 -0.062785208 -0.1690664 -0.0056819916 0.20792547 -0.04199332 0.11423111 0.22023529
0.038027227 -0.21975708 0.27092546 -0.034156322 -0.25075722 0.27139312 -0.16436632 -0.09855175 0.11977562
0.098318219 0.12712288 0.12103921 0.010537118 -0.26851559 0.24441671 -0.0096987486 -0.19343185 0.30524361
-0.049292147 -0.1344347 -0.017479002 -0.076332599 0.11143208 0.23438287 -0.0019055307 -0.28482246 0.29920125
0.042229623 -0.23596287 0.25786525 -0.03270489 -0.235816 0.28078401 -0.16654615 -0.05573082 0.15459034
0.13496271 0.046467781 0.074772984 0.036161631 -0.20400429 0.28481793 -0.0280312 -0.26420498 0.25843853
-0.13796504 -0.14453602 0.07411623 0.014065146 0.1237011 0.18097568 -0.0002002418 -0.28388119 0.28811157
-0.0043500066 -0.26754665 0.30064011 -0.046430022 -0.25030518 0.12931857 -0.098340988 -0.10986137 0.24904114
0.085983455 -0.11777592 0.14307916 -0.0030504465 -0.080516815 0.27017313 -0.095767304 -0.18072891 0.19744059
0.08798939 -0.03157711 0.22599119 0.0098987818 -0.18945122 0.13028243 -0.03171733 -0.10177612 0.28108221
-0.076903522 -0.20697498 0.16635481 0.10822901 -0.096468925 0.16395628 -0.10394689 -0.14366627 0.22619683
0.038797259 -0.026132584 0.26126891 -0.023512334 -0.2821703 0.24426115 0.020270199 -0.27540684 0.2765581
-0.019292653 -0.25976753 0.30016321 0.0075448155 -0.24273968 0.3011452 0.0013385117 -0.25393105 0.28317535
-0.020568788 -0.27503872 0.29038793 0.0018665791 -0.28331947 0.27656722 -0.0064242184 -0.25055981 0.30170768
0.017771721 -0.26694012 0.28336364 -0.019990742 -0.26736927 0.2953741 0.0094072223 -0.25074482 0.29506332
-0.018182069 -0.28337955 0.28353387 0.063157767 -0.097044945 0.075583696 -0.054474115 0.11144924 0.097919792
0.099544376 0.051354408 0.18220991 -0.058231562 -0.088679314 -0.015969515 0.12852278 -0.016869545 0.11872235
-0.13299854 -0.097949028 0.19138598 -0.078112334 -0.21093845 0.070108354 -0.12697861 -0.051977158 0.22821829
-0.12886165 -0.14708424 0.1607607 -0.079193383 -0.0030946732 0.24886912 -0.10511836 -0.17400169 0.11936206
-0.014348447 0.10668373 0.11750594 -0.09158206 0.15495968 0.040611476 -0.066613853 0.13064289 0.13037175
-0.029699355 0.16861534 0.10638285 -0.050111204 0.071896553 0.084666878 -0.074519068 0.056809425 0.1008808
-0.033589125 0.10128498 0.11516833 -0.10091962 0.092165947 0.11329332 0.023306042 0.041698456 0.20839354
-0.097508684 -0.071190834 -0.047484174 0.045410931 -0.0490942 0.0078192949 -0.067674071 -0.087405205 -0.015137777
-0.082874238 -0.10035896 0.0069694817 -0.021863103 0.0032043457 0.00040528178 -0.054507166 -0.082318306 -0.0017351508
-0.01604557 -0.0016040802 -0.017311573 -0.096688271 -0.12484169 0.0025443137 -0.019483417 0.0019512177 -0.032283202
-0.065951258 0.022873878 -0.05775632 -0.063508004 0.033520699 -0.060317665 -0.049253166 0.039530754 -0.050067514
-0.062355936 0.033635139 -0.052099764 -0.053767711 0.034082413 -0.057721853 -0.090450346 -0.058642387 -0.046810225
-0.094587997 -0.094420433 -0.042126507 -0.1012295 -0.067420959 -0.050734118 -0.10294269 -0.062592506 -0.039862156
-0.094442949 -0.052758217 -0.043065563 -0.10364836 -0.068145752 -0.043972284 -0.087040931 0.14101315 0.037688076
-0.048540175 0.16644859 0.092677444 -0.1073682 0.1586771 0.04190433 -0.091136307 0.13494301 0.037630707
-0.095092073 0.1349287 0.034589827 -0.10906714 0.13739204 0.041743368 -0.058286309 0.15812683 0.077709913
-0.039363474 0.16333771 0.082552254 -0.030875921 0.16157913 0.092391193 -0.049585938 0.16374111 0.081387967
-0.04410997 0.17222977 0.073567629 -0.050014734 0.1478796 0.1178869 0.025354862 -0.25230312 0.24754608
0.0060025454 -0.1924181 0.29846603 -0.050509185 0.086611748 0.22558814 0.0048686862 -0.27270508 0.29421473
-0.038955867 -0.043224335 -0.043740541 0.0023432374 -0.25903416 0.29803747 0.0086044669 -0.27526474 0.28575349
0.047131568 -0.14757729 0.13893613 -0.021870464 -0.084681511 0.27468026 0.010905325 -0.27923489 0.27656192
0.00047332048 -0.24659824 0.30146968 -0.058811426 0.026391983 -0.05171822 -0.099894062 0.14158821 0.03774333
-0.054718554 0.12519169 0.1376273 -0.065666914 0.065947533 0.10202417 -0.048484027 -0.016181946 0.0085168183
-0.053015351 -0.00092411041 -0.060181707 -0.060356319 0.033337593 -0.048993275 -0.062988669 0.021925926 -0.056474477
-0.090784937 0.16707993 0.044938594 -0.094304949 0.13372803 0.037386686 0.02652657 -0.19994545 0.28667265
-0.020804942 0.14250183 0.19175008 0.010829747 -0.083509445 0.24595761 0.0085156858 -0.24674988 0.29801798
-0.048618197 0.15857315 0.086282581 -0.038256079 0.14934063 0.11872604 -0.038795054 0.07656002 0.10803106
-0.047381192 0.16282368 0.080519974 -0.044751436 0.16147709 0.090875208 -0.077975452 -0.11621857 -0.023056895
-0.0063643754 -0.27554512 0.24424416 -0.014647365 -0.16451454 0.15229198 -0.0068046153 -0.28831291 0.27617043
-0.098314196 -0.063814163 -0.046074048 -0.075205147 -0.055731773 0.015262991 -0.089392811 -0.094567299 -0.03260383
-0.09634468 -0.071949005 -0.046461388 -0.098710626 -0.057451248 -0.041881889 0.0031492114 0.14350796 0.1567409
0.0051149726 0.083150864 0.14537707 -0.039954603 0.12573242 0.17863038 -0.076985061 0.099618912 0.18892533
-0.087309688 0.05000782 0.18739316 -0.056644946 0.11759853 0.18961421 -0.024155289 0.14626884 0.15700752
-0.05985266 -0.22826004 0.09584102 -0.11142832 -0.079957962 0.24165219 -0.11450566 -0.1702261 0.18114412
-0.057540268 -0.058990479 0.26592916 -0.090256482 -0.19168091 0.14234141 0.032142878 0.01899147 0.23807219
0.072845042 -0.13088799 0.11029983 0.093164027 0.0032234192 0.20112836 0.12236178 -0.057182312 0.14228907
-0.11730887 -0.12037086 0.20761412 -0.049047649 -0.038207054 0.20202744 -0.056800216 -0.0030403137 0.16329792
-0.021866292 -0.0012493134 0.18138045 -0.031357795 0.023181915 0.16022149 0.0016802847 0.00045967102 0.17956358
-0.0056206882 0.038784027 0.15866798 -0.013913244 -0.15353966 0.085165828
-0.036962748 -0.12211514 0.038046002 -0.058093339 -0.18563271 0.090096116
-0.072822481 -0.14168549 0.048079848 -0.03572908 -0.01960659 0.19375077 -0.046164989 -0.0022068024 0.16241869
0.019761622 -0.085658073 0.1043576 -0.012934506 -0.049068451 0.057011038 -0.0037228763 -0.0016517639 0.17579731
-0.011536568 0.01703167 0.15165752 -0.032138944 -0.13208103 0.10391739 -0.052122831 -0.10134411 0.0547252
0.055807322 -0.067409515 0.10139468 0.018971354 -0.036046982 0.054595858 0.03460899 -0.066387177 0.037791789
0.0076094866 -0.014318466 -0.0073325038 -0.087906659 -0.17043686 0.036918432 -0.096072435 -0.13446331 -0.021136597
-0.06252259 -0.10198402 -0.017371789 -0.048972785 -0.030297279 -0.048562005 -0.084091485 -0.09999752 -0.034812555
-0.086260408 0.15057659 0.082490802 -0.070746362 0.13802052 0.086214244 -0.10874091 0.1237812 0.07086122
-0.090213895 0.079861641 0.058710963 -0.069679826 0.10289288 0.066776037 -0.061781734 0.1224432 0.072093487
-0.079408973 0.14763546 0.082721561 -0.075933009 0.097864151 0.06760934 -0.008523196 0.10501099 0.1263763
-0.014241129 0.16198254 0.12421101 -0.043394029 0.13201046 0.14827707 -0.066010088 0.11280632 0.15440062
-0.093762293 0.071362495 0.14943871 -0.05429107 0.12154293 0.16093737 -0.033759266 0.14272213 0.14178219
-0.063105434 0.027002335 0.13210067 -0.037724257 0.038813591 0.13421625 -0.02376613 0.07817173 0.12622738
-0.054438472 0.031705856 0.13302767 -0.026108861 0.054555893 0.12299338 0.0087858737 0.14050865 0.16849893
-0.041599691 0.12003994 0.19397047 -0.074391097 0.085636139 0.21278575 -0.085924685 0.02935791 0.21606541
-0.041973382 -0.082629204 0.25123376 -0.0084489286 -0.051749229 0.23312622 0.011143893 -0.038460732 0.21054259
-0.053589821 0.10277843 0.20162565 -0.024836123 -0.065615654 0.24345851 -0.025267363 0.1416111 0.16686201
0.010521919 -0.046670914 0.21445286 0.016813755 0.058579445 0.17607591 -0.059239358 -0.032355309 0.24007761
0.021600217 -0.0080928802 0.19714689 -0.037243992 -0.26134205 0.18980688 -0.0615457 -0.1654501 0.26860374
-0.059788615 -0.21397972 0.23368576 -0.020963848 -0.14704227 0.29432786 -0.049426585 -0.234272 0.21296227
0.040639758 -0.1096468 0.27521127 0.068538576 -0.17827415 0.1960029 0.0096221268 -0.1299715 0.29012555
0.071275085 -0.12018204 0.25336385 0.014493674 -0.22337437 0.18963084 0.078866512 -0.16639233 0.21059528
-0.059336692 -0.18847752 0.25019652 -0.0069030225 -0.13559246 0.29155397 0.041257411 -0.20097065 0.19262421
0.027124345 -0.11324787 0.28833508 -0.011500776 -0.24216175 0.18966249 -0.033765614 0.01706028 -0.040335312
-0.038087994 0.011341095 -0.054369882 -0.032598227 0.020283699 -0.02703625 -0.061513305 -0.004155159 -0.021938398
-0.061110646 -0.042959213 -0.031435117 -0.074741393 -0.03442955 -0.042388901 -0.058915168 0.010552406 -0.022057548
-0.058084428 0.0099010468 -0.0551617 -0.086757749 -0.086683273 -0.031737506 -0.096378341 -0.083939552 -0.045490012
-0.067187607 -0.077542305 -0.028979585 -0.080481112 -0.057480812 -0.015985698 -0.093781739 -0.078530312 -0.01564312
-0.10406746 -0.098032951 -0.021315008 -0.095957667 -0.086344719 -0.035731077 -0.084355772 -0.065484047 -0.015399814
-0.0065115392 -0.0029716492 -0.022325516 -0.047892451 -0.097726822 0.021886081 -0.078642666 -0.11950207 0.027456433
-0.032478213 -0.033946991 0.032670468 -0.061084747 -0.092661858 0.032510132 -0.010431081 -0.0029172897 0.013765335
-2.9802322e-008 0 -2.9802322e-008 -0.087549657 -0.14057732 0.020303816 -0.094665229 -0.11318493 -0.031088427
-0.063356429 -0.099457741 -0.013995826 -0.051012784 -0.017062187 -0.054162636 -0.086307943 -0.10239029 -0.032884747
0.05342105 -0.075298309 0.062037796 -0.081795812 -0.19586945 0.050663352 -0.094216377 -0.15886116 -0.010305166
-0.057434827 -0.12769318 -0.016286403 -0.05046618 -0.023736954 -0.053040028 -0.083410442 -0.092406273 -0.043195844
-0.024842083 -0.13855171 0.061153471 -0.066859752 -0.15846443 0.069473207 0.007276088 -0.062509537 0.081314594
-0.042669773 -0.11629868 0.075336277 0.034382761 -0.054326057 0.077378243 0.02472946 -0.030947685 0.0047243536
0.019442827 0.049973488 -0.051335961 -0.051295042 0.19719505 0.1399228 -0.13945526 -0.17878723 -0.047742069
-0.20702289 0.07114315 0.17646244 -0.19297165 -0.046292305 0.069966584 0.10213089 0.22570419 0.071539998
-0.062872559 -0.095900536 -0.053851783 -0.11779606 0.18256283 0.20119807 -0.19324397 0.0073947906 0.11373407
0.093992472 0.13722706 0.012653917 -0.18541197 -0.10106754 0.016411662 0.019501239 0.22356319 0.12378803
-0.075172842 0.20421219 0.17014226 -0.057346404 -0.0083684921 -0.067639276 -0.014559627 0.23827744 0.12688705
-0.10141003 -0.10342598 -0.058722794 -0.029140145 0.18720341 0.12903282 0.0025120676 0.17729855 0.1230092
0.064903259 0.11351967 0.13406736 0.078519344 0.033805847 0.17781436 0.066251159 -0.0061006546 0.20320785
0.063273221 -0.041623116 0.22769865 0.043279052 -0.09353447 0.25697672 0.026810139 -0.12137699 0.26228058
0.0061282814 -0.12897205 0.2709071 -0.0081274509 -0.13328266 0.27264518 -0.019315839 -0.13418484 0.27340108
-0.057078421 -0.11183643 0.24710149 -0.076010287 -0.073471069 0.23368171 -0.094934329 -0.032973289 0.21918142
-0.11547738 0.025613785 0.20701066 -0.16778393 0.06525135 0.15401566 -0.15523268 0.0044727325 0.11923218
-0.15958291 -0.041973114 0.075809687 -0.15964583 -0.089951515 0.024927765 -0.11544213 -0.14067268 0.05221501
-0.082839608 -0.17270279 0.096250027 -0.065666556 -0.19082355 0.1205304 -0.047272414 -0.21659946 0.14354408
-0.037594587 -0.23336411 0.1700151 -0.026674092 -0.22723484 0.1953972 -0.014463931 -0.23349857 0.21822488
0.0040959716 -0.23941231 0.24192458 0.019564658 -0.22367859 0.2453357 0.039101332 -0.20102692 0.24063247
0.066952735 -0.15018272 0.21420187 0.065203995 -0.15449619 0.20953798 0.087835014 -0.076603889 0.17733219
0.09362334 -0.030241013 0.16542101 0.096818447 0.018116951 0.1511828 0.094214886 0.094806671 0.099540979
0.098302037 0.083925247 0.053332239 0.0090513527 0.026083946 -0.020476043 0.099470437 -0.043172836 0.15258792
0.10873103 -0.012506485 0.1218999 0.11174446 0.0013408661 0.10890463
0.04807353 -0.042479515 0.042088777 0.042362541 -0.030733109 0.037949115
0.024676651 -0.031353951 0.031256706 0.068994194 0.11254025 0.13120145 0.085860431 0.079050064 0.14483738
0.092549205 0.027606964 0.16063768 0.071558177 -0.04245472 0.22175384 0.054464608 -0.12331676 0.24855614
0.023396105 -0.20029068 0.27882773 -0.0045560002 -0.25966454 0.288993 -0.0063687861 -0.26027203 0.29674476
-0.0083581805 -0.26553631 0.27985787 -0.019361734 -0.24207211 0.26328188 -0.041328758 -0.21229076 0.21637142
-0.069979519 -0.18338394 0.17126134 -0.073094606 -0.18183231 0.15629774 -0.073848963 -0.18114185 0.13195249
-0.088386476 -0.16521358 0.10623169 -0.098197415 -0.15749645 0.074720293 -0.089282274 -0.16310978 0.12949756
-0.10025808 -0.1354351 0.13149467 -0.12034798 -0.097574234 0.13615906 -0.1157766 -0.055584908 0.15894422
-0.1296349 -0.018256187 0.2020267 -0.042806 -0.23984623 0.18314487 -0.03957957 -0.18853283 0.14872789
-0.052167654 -0.14043427 0.10498932 -0.063470542 -0.12274075 0.078163832 -0.071514577 -0.10706425 0.056412965
-0.075314671 -0.087324142 0.036154181 -0.049584836 -0.086119652 0.25762457 -0.060571074 -0.077035904 0.24671233
-0.065855712 -0.048449516 0.22000325 -0.07918036 0.0022201538 0.17036605 -0.086175174 0.030676842 0.13700694
-0.093006015 0.056401253 0.10343716 0.033895254 -0.069737434 0.24166226 0.022751272 -0.051371574 0.20340878
0.01156646 -0.052810669 0.19507551 -0.016902506 -0.021064758 0.17170945 -0.027046829 0.00062656403 0.1503374
-0.030767292 0.027136803 0.12263697 -0.019759029 0.20454121 0.15170988 -0.022680074 0.2065382 0.13169238
-0.040828466 0.21396065 0.14046744 -0.054820448 0.20889854 0.15098995 -0.043325007 0.21003532 0.16736779
0.043127567 0.16120529 0.13279429 0.013930887 0.19702148 0.14627579 0.010005534 0.19644928 0.12516066
0.044644535 0.15237141 0.14982831 0.062373936 0.10989952 0.16422057 0.076157331 0.12845898 0.13895085
0.078074962 0.12832928 0.13736397 0.083869725 0.12795353 0.13261509 0.015050262 0.14848042 0.17599776
0.0064969063 0.13588047 0.19276479 0.013966471 0.1352396 0.18678951 0.01748845 0.11094952 0.19724339
0.067265064 0.047257423 0.19243115 0.086557239 0.049702644 0.18617216 0.099926412 0.080775261 0.15755326
0.099534005 0.099704742 0.14232248 0.075122565 -0.011006355 0.22327876 0.063794672 0.010773659 0.21826023
0.079070598 0.0068349838 0.20919633 0.10642982 0.037483215 0.16889092 0.10973856 0.030402184 0.16220424
0.063255787 -0.028842926 0.24333495 0.073526382 -0.029982567 0.23603487 0.077770948 -0.030451775 0.23305795
0.081917465 -0.030909538 0.2301732 0.11005533 0.00030040741 0.16524732 0.1055623 -0.019971848 0.17791986
0.11091611 -0.030970573 0.1672149 0.030593425 -0.081847191 0.26645291 0.039617151 -0.068037987 0.26882762
0.040106863 -0.089036942 0.27218658 0.057147026 -0.11531258 0.26330119 0.064806789 -0.11795044 0.25788522
0.10795334 -0.055670738 0.172952 0.099997818 -0.065871239 0.1926766 0.10466543 -0.082058907 0.17737535
0.11640272 0.015159607 0.14800993 0.11196259 0.025470734 0.15758356 0.018573642 -0.096946716 0.26517981
0.022583663 -0.10437965 0.2757737 0.025708854 -0.052755356 0.25422043 0.018735349 -0.067113876 0.2503773
0.036690891 -0.20822334 0.281093 0.037166089 -0.21216488 0.27761602 0.079396397 -0.165205 0.20979822
0.087154269 -0.14759636 0.19795024 0.1172365 -0.044941902 0.15384531 0.11396241 -0.037561417 0.16088006
0.11479524 0.096520424 0.093952805 0.10712841 0.11121845 0.10700622 0.0032328069 -0.10477066 0.28024429
0.006392777 -0.11717224 0.28518289 0.010988951 -0.040534019 0.21153399 0.010833412 -0.042586327 0.21251109
0.011421859 -0.25838089 0.29040265 0.010280043 -0.26386547 0.29019874 0.013510257 -0.26242733 0.28747618
0.018537104 -0.25059223 0.28443164 0.078686655 -0.16660595 0.21033293 0.076149762 -0.16959572 0.20667461
0.12627998 -0.010446548 0.12456644 0.12262604 -0.00049495697 0.13363901 0.11764064 0.084705353 0.055303335
0.10674363 0.10152435 0.041837394 -0.01410079 -0.11096096 0.28366756 -0.01035881 -0.12373543 0.28782362
0.0046882927 -0.027108192 0.19760856 0.0081119835 -0.038370132 0.20730644 0.0062807202 -0.27366638 0.29103655
0.0072136521 -0.2743063 0.28892148 0.047302932 -0.22399235 0.23898321 0.054447383 -0.20936584 0.22528785
0.12859991 -0.0051193237 0.11176884 0.12862322 0.016121864 0.099231273 0.024212539 0.0032291412 -0.017251134
0.017299086 0.021699905 -0.029976234 -0.027719021 -0.11853504 0.28618413 -0.025032461 -0.12985229 0.28949785
-0.011636794 -0.0014791489 0.17818776 -0.01616919 -0.0013790131 0.17958853 -0.0010617971 -0.28437042 0.29385418
-0.00064083934 -0.28413582 0.29108125 0.027703702 -0.245718 0.24059886 0.032068759 -0.23283958 0.22689041
0.053364128 -0.071249962 0.046081871 0.047984093 -0.057518005 0.030283004 -0.046106726 -0.026186943 -0.065731615
-0.052153498 -0.039385796 -0.068163514 -0.033363283 -0.007434845 -0.064072788 -0.05768615 -0.10548019 0.26602519
-0.073730588 -0.10757732 0.25690275 -0.018853098 0.019292831 0.15475827 -0.023808002 0.020831108 0.1568974
-0.019117177 -0.28008938 0.28623581 -0.0185242 -0.28217316 0.28452373 0.011477441 -0.26201248 0.23663592
0.012844563 -0.25069904 0.22298032 0.042183548 -0.057967186 0.039814472 0.034976214 -0.04688549 0.025518298
-0.071940094 -0.080025673 0.25660813 -0.078507721 -0.068261147 0.25207281 -0.091231525 -0.073729515 0.243855
-0.031115025 0.047744751 0.12783313 -0.034102142 0.04373455 0.13058022 -0.031858534 -0.25575066 0.26657295
-0.030326456 -0.25911331 0.2633335 -0.0079530776 -0.26017952 0.21923575 -0.0093522072 -0.25184059 0.20555797
0.027869821 -0.053607941 0.026948184 0.021090478 -0.04064846 0.015817791 -0.097892776 -0.024729729 0.23693416
-0.10860285 -0.037033081 0.23018086 -0.04573366 -0.078546524 0.27303869 -0.052173167 -0.067878723 0.26919729
-0.04782322 0.084348679 0.083773881 -0.052024156 0.10447502 0.076919019 -0.053012073 0.090681076 0.080252469
-0.056193322 0.090188026 0.073085099 -0.054959625 0.081098557 0.082046747
-0.048681527 0.074110031 0.090227962 -0.053789943 -0.22556877 0.22181624
-0.051234007 -0.23063755 0.21665293 -0.024608821 -0.25191593 0.18969554 -0.018165261 -0.24711704 0.18966824
0.0015210509 -0.030900002 0.0055922866 -0.0095750391 -0.014907837 -0.00071883202
-0.010989785 -0.014595985 -0.0084925145 -0.0086073279 -0.014950752 -0.0097253025
-0.12291096 -0.00055885315 0.22228399 -0.11031955 0.038930893 0.22757211 -0.13201596 0.020494461 0.21712255
-0.046756715 -0.068713188 0.24830347 -0.051082134 -0.056118965 0.24554574 -0.083061427 -0.19504642 0.17825356
-0.079183519 -0.20249748 0.17081001 -0.031137079 -0.25363159 0.17676035 -0.03261584 -0.24078083 0.16527578
-0.027658999 -0.23865128 0.17094225 -0.19031228 0.060973167 0.1752969 -0.17997292 0.042193413 0.18455017
-0.14406331 -0.019376755 0.2115202 -0.1353697 -0.032341957 0.21562487 -0.05255574 -0.036049843 0.21609873
-0.055107147 -0.034584999 0.22561458 -0.084376693 -0.19824505 0.15263468 -0.081052095 -0.20207119 0.15863982
-0.038917243 -0.25831985 0.17262027 -0.041011006 -0.25557804 0.15744796 -0.031733155 -0.21082687 0.14004287
-0.023798823 -0.18935966 0.14576375 -0.17882346 -0.0026721954 0.12142903 -0.16947515 -0.017895699 0.13161305
-0.13752225 -0.068216324 0.1661281 -0.12983763 -0.079723358 0.17437524 -0.064992607 0.011422157 0.16977915
-0.072600961 0.024706841 0.17579132 -0.090083838 -0.19188786 0.12385258 -0.084364444 -0.19849205 0.13356176
-0.080453128 -0.20309353 0.12766755 -0.061887205 -0.22797012 0.14825311 -0.054339707 -0.23879147 0.13904464
-0.045396119 -0.1593504 0.096915841 -0.038901806 -0.14596748 0.10036191 -0.1818953 -0.050528526 0.076178312
-0.17290182 -0.063474655 0.088771075 -0.13664564 -0.11611843 0.13823333 -0.12927347 -0.1269474 0.14804375
-0.072333425 0.041161537 0.13774636 -0.079920679 0.052315712 0.14213601 -0.099056959 -0.18195248 0.10865244
-0.095674649 -0.18648243 0.10258275 -0.096586302 -0.18401527 0.13238201 -0.10031651 -0.17959785 0.1266391
-0.076540202 -0.20775509 0.12172252 -0.070843726 -0.21464539 0.11298057 -0.057332039 -0.14174175 0.071787566
-0.051283896 -0.13120079 0.073255181 -0.17037912 -0.10628319 0.02293241 -0.16144253 -0.11678123 0.037178755
-0.11018281 -0.16259956 0.13121125 -0.11440949 -0.1534853 0.14074618 -0.082030922 0.066355705 0.10469764
-0.087331116 0.077466965 0.10883063 -0.10840052 -0.17473507 0.07567209 -0.10711876 -0.1765976 0.073188573
-0.10044628 -0.18263149 0.086829185 -0.092896551 -0.1902504 0.097550362 -0.088096738 -0.19685459 0.088757485
-0.064288527 -0.12493896 0.050837934 -0.059110403 -0.11485481 0.052499026 -0.116521 -0.16862965 0.038342953
-0.12718073 -0.15654755 0.056221485 -0.083835334 0.083676338 0.073821157 -0.084645063 0.093935966 0.065193206
-0.088013053 0.10648155 0.058011144 -0.09060505 0.10489178 0.067598134 -0.069748372 -0.10583973 0.030017942
-0.065349698 -0.099132538 0.031283647 -0.074323952 -0.081468582 0.0090992153 -0.074685723 -0.072789192 0.0035877824
-0.067241818 -0.076972008 0.0069001615 -0.068857044 -0.079577446 0.0155406 -0.093714818 0.14134216 0.22056082
-0.066150159 0.16183853 0.19050837 -0.0090369284 0.13962555 0.19218874 -0.071193218 0.083159447 0.083490461
-0.090237558 0.11544514 0.050645083 -0.054008961 0.10487747 0.092324376 0.063335061 -0.089365005 0.25436276
0.061509162 -0.089485168 0.23764339 0.069497615 -0.093570709 0.25041199 0.075813204 -0.09557724 0.2460537
0.099517643 0.15622997 0.10662985 -0.078582346 -0.069849014 -0.0040615499 -0.015196145 -0.003786087 -0.015827715
0.025550723 -0.04877758 0.047542542 0.043341547 -0.064180374 0.070167512 0.0069916546 -0.25357914 0.29608351
-0.10349379 -0.17995167 0.16354707 -0.12390769 -0.1571455 0.093534052 -0.10766096 -0.17872047 0.02351588
-0.067413539 -0.22023201 0.15492442
39 220 0 220 134 0 134 39 0 0 136 0 136 25 0 25 50 0
50 0 0 39 22 0 22 224 0 224 220 0 1 449 0 449 17 0 17 1 0 2 13 0 13 223 0 223 221 0
221 2 0 42 596 0 596 49 0 49 127 0 127 42 0 221 231 0 231 18 0 18 2 0 92 97 0 97 128 0
128 132 0 132 92 0 5 84 0 84 114 0 114 121 0 121 5 0 40 47 0 47 109 0 109 112 0 112 40 0
3 227 0 227 232 0 232 104 0 104 3 0 41 48 0 48 26 0 26 46 0 46 41 0 16 44 0 44 472 0
472 459 0 459 16 0 9 222 0 222 499 0 499 483 0 483 9 0 11 394 0 394 428 0 428 11 0
16 106 0 106 108 0 108 26 0 26 16 0 10 544 0 544 531 0 531 19 0 19 10 0 8 228 0 228 411 0
411 422 0 422 8 0 10 543 0 543 557 0 557 23 0 23 10 0 11 591 0 591 381 0 381 386 0
386 11 0 43 341 0 341 448 0 448 435 0 435 43 0 48 44 0 71 140 0 140 137 0 137 90 0
90 71 0 23 570 0 570 562 0 562 598 0 598 23 0 72 20 0 20 452 0 452 464 0 464 72 0
15 508 0 508 489 0 489 60 0 60 15 0 6 19 0 531 519 0 519 6 0 3 124 0 124 234 0 234 227 0
1 103 0 103 461 0 461 449 0 63 122 0 122 115 0 115 91 0 91 63 0 598 544 0 8 17 0
17 230 0 230 228 0 9 18 0 231 222 0 386 394 0 134 136 0 0 39 0 12 103 0 103 112 0
112 45 0 45 12 0 17 47 0 40 1 0 8 47 0 422 436 0 436 8 0 21 124 0 124 127 0 49 21 0
104 113 0 113 42 0 42 3 0 2 41 0 46 13 0 18 48 0 9 44 0 483 472 0 50 22 0 100 131 0
131 128 0 97 100 0 82 120 0 120 114 0 84 82 0 32 413 0 413 405 0 405 156 0 156 32 0
31 37 0 37 158 0 158 151 0 151 31 0 89 141 0 141 137 0 137 85 0 85 89 0 27 539 0
539 553 0 553 149 0 149 27 0 36 29 0 29 155 0 155 157 0 157 36 0 28 469 0
469 480 0 480 150 0 150 28 0 37 28 0 150 158 0 95 123 0
123 115 0 115 96 0 96 95 0 35 513 0 513 524 0 524 35 0 38 400 0 400 396 0 396 154 0
154 38 0 70 206 0 206 217 0 217 70 0 24 388 0 388 389 0 389 24 0 7 105 0 105 213 0
213 207 0 207 7 0 60 209 0 209 208 0 208 15 0 60 152 0 152 218 0 218 209 0 34 111 0
111 214 0 214 210 0 210 34 0 30 126 0 126 216 0 216 211 0 211 30 0 154 219 0 219 212 0
212 38 0 464 477 0 477 275 0 275 72 0 51 155 0 155 595 0 595 264 0 264 51 0 29 110 0
110 171 0 171 177 0 177 29 0 33 135 0 135 175 0 175 165 0 165 33 0 149 167 0 167 27 0
57 4 0 4 266 0 266 265 0 265 57 0 4 133 0 133 269 0 269 266 0 14 107 0 107 268 0
268 267 0 267 14 0 79 77 0 77 236 0 236 237 0 237 79 0 77 75 0 75 238 0 238 236 0
75 118 0 118 242 0 242 238 0 76 54 0 54 240 0 240 239 0 239 76 0 54 73 0 73 241 0
241 240 0 73 119 0 119 243 0 243 241 0 86 139 0 139 250 0 250 245 0 245 86 0 54 246 0
246 244 0 244 73 0 76 247 0 247 246 0 76 592 0 592 251 0 251 247 0 74 78 0 78 249 0
249 248 0 248 74 0 78 86 0 245 249 0 102 116 0 116 192 0 192 187 0 187 102 0 64 69 0
69 188 0 188 186 0 186 64 0 69 561 0 561 574 0 574 188 0 67 117 0 117 584 0 584 571 0
571 67 0 66 495 0 495 496 0 496 66 0 52 102 0 187 191 0 191 52 0 52 97 0 92 102 0
52 586 0 586 100 0 66 493 0 493 494 0 494 66 0 68 62 0 62 98 0 98 101 0 101 68 0
62 65 0 65 99 0 99 98 0 65 129 0 129 132 0 132 99 0 108 113 0 113 46 0 80 81 0 81 121 0
114 80 0 25 45 0 109 25 0 34 455 0 455 443 0 443 111 0 14 465 0 465 107 0 43 433 0
433 434 0 434 43 0 459 447 0 447 106 0 12 474 0 474 461 0
93 96 0 122 93 0 104 13 0 83 80 0 120 83 0 94 91 0 123 94 0
208 213 0 105 15 0 211 214 0 111 30 0 165 171 0 110 33 0 275 268 0 107 72 0 239 242 0
118 76 0 237 243 0 119 79 0 186 192 0 116 64 0 496 497 0 497 66 0 128 98 0 24 387 0
387 388 0 21 225 0 225 234 0 131 101 0 207 215 0 215 125 0 125 7 0 212 431 0 431 419 0
419 38 0 131 130 0 130 68 0 129 102 0 33 229 0 229 235 0 235 135 0 87 85 0 140 87 0
45 136 0 134 12 0 88 90 0 141 88 0 167 540 0 540 527 0 527 27 0 267 269 0 133 14 0
244 250 0 139 73 0 74 592 0 592 578 0 578 577 0 577 74 0 62 194 0 194 195 0 195 65 0
195 200 0 200 129 0 102 196 0 196 199 0 199 116 0 64 197 0 197 198 0 198 69 0 199 197 0
200 196 0 55 439 0 439 425 0 425 157 0 157 55 0 56 59 0 59 151 0 158 56 0 61 548 0
548 535 0 535 551 0 551 61 0 51 55 0 489 479 0 479 152 0 58 56 0 150 58 0 59 559 0
559 597 0 597 151 0 53 392 0 392 397 0 397 156 0 156 53 0 170 160 0 160 159 0 159 169 0
169 170 0 67 201 0 201 204 0 204 117 0 174 470 0 470 457 0 457 173 0 173 174 0 130 493 0
493 481 0 481 205 0 205 130 0 176 166 0 166 270 0 270 273 0 273 176 0 138 579 0 579 580 0
580 138 0 162 170 0 169 161 0 161 162 0 497 498 0 498 66 0 166 172 0 172 272 0 272 270 0
118 255 0 255 253 0 253 76 0 164 174 0 173 163 0 163 164 0 205 203 0 203 68 0 168 567 0
567 554 0 554 271 0 271 168 0 577 575 0 575 254 0 254 74 0 210 510 0 510 491 0 491 34 0
217 219 0 154 70 0 203 194 0 67 560 0 560 546 0 546 201 0 172 178 0 178 274 0 274 272 0
177 155 0 75 257 0 257 255 0 79 252 0 252 593 0 593 77 0 78 259 0 259 260 0 260 86 0
260 263 0 263 139 0 73 261 0 261 262 0 262 119 0 262 252 0
263 261 0 593 257 0 254 259 0 63 187 0 192 122 0 93 186 0
188 96 0 188 585 0 585 95 0 585 193 0 193 123 0 94 190 0 190 191 0 191 91 0 193 190 0
143 142 0 142 195 0 194 143 0 142 148 0 148 200 0 144 147 0 147 199 0 196 144 0 145 146 0
146 198 0 197 145 0 147 145 0 148 144 0 170 204 0 201 160 0 162 471 0 471 482 0 482 202 0
202 162 0 202 204 0 164 203 0 205 174 0 164 143 0 146 534 0 534 547 0 547 198 0 143 217 0
206 142 0 206 215 0 215 148 0 144 207 0 213 147 0 145 208 0 209 146 0 160 533 0 533 521 0
521 159 0 159 210 0 214 169 0 457 445 0 445 173 0 163 212 0 219 163 0 211 161 0 163 445 0
445 431 0 521 510 0 163 217 0 527 515 0 515 526 0 526 27 0 35 600 0 600 220 0 224 35 0
29 424 0 424 438 0 438 226 0 226 29 0 34 468 0 468 455 0 37 231 0 221 28 0 443 429 0
429 30 0 31 512 0 512 499 0 222 31 0 32 403 0 403 589 0 589 590 0 590 32 0 429 417 0
417 126 0 226 233 0 233 110 0 36 414 0 414 424 0 424 36 0 232 223 0 233 229 0 419 408 0
408 38 0 134 485 0 485 474 0 57 271 0 271 167 0 149 57 0 5 237 0 236 84 0 238 82 0
242 120 0 83 239 0 240 80 0 241 81 0 243 121 0 71 245 0 250 140 0 87 244 0 246 85 0
247 89 0 251 141 0 88 248 0 249 90 0 251 248 0 176 256 0 256 253 0 253 166 0 255 172 0
176 568 0 568 576 0 576 256 0 257 178 0 180 488 0 488 506 0 506 252 0 252 180 0 181 182 0
182 260 0 259 181 0 182 185 0 185 263 0 183 184 0 184 262 0 261 183 0 184 180 0 185 183 0
179 594 0 594 257 0 257 503 0 503 179 0 168 181 0 254 168 0 179 487 0 487 476 0 476 264 0
264 179 0 178 594 0 594 595 0 595 274 0 181 265 0 266 182 0 269 185 0 183 267 0 268 184 0
275 180 0 175 273 0 270 165 0 272 171 0 175 541 0 541 555 0 555 273 0
274 177 0 271 265 0 4 278 0 278 291 0 291 133 0 6 518 0
518 530 0 530 19 0 72 453 0 453 441 0 441 20 0 7 378 0 378 582 0 582 105 0 4 599 0
599 286 0 286 278 0 125 374 0 374 378 0 465 453 0 6 509 0 509 518 0 530 543 0 428 442 0
442 591 0 582 581 0 581 15 0 291 282 0 282 14 0 290 376 0 376 375 0 375 290 0 287 290 0
375 381 0 381 287 0 24 294 0 294 382 0 382 387 0 390 70 0 70 391 0 391 383 0 383 390 0
396 391 0 397 403 0 408 400 0 225 409 0 409 418 0 418 234 0 418 430 0 430 227 0 430 444 0
444 232 0 444 456 0 456 223 0 28 223 0 456 469 0 491 478 0 478 468 0 480 490 0 490 58 0
519 509 0 581 517 0 517 508 0 279 284 0 284 529 0 529 517 0 517 279 0 284 280 0 280 542 0
542 529 0 280 286 0 286 556 0 556 542 0 557 570 0 57 563 0 563 599 0 553 566 0 566 57 0
524 537 0 537 600 0 526 539 0 220 525 0 525 514 0 514 501 0 501 220 0 235 486 0 486 502 0
502 235 0 229 475 0 475 486 0 233 462 0 462 475 0 226 450 0 450 462 0 438 450 0 230 437 0
437 423 0 423 230 0 590 423 0 423 413 0 425 414 0 405 398 0 398 53 0 55 451 0 451 439 0
441 427 0 427 20 0 276 285 0 285 442 0 442 454 0 454 276 0 454 467 0 467 276 0 466 282 0
279 283 0 283 288 0 288 377 0 323 329 0 329 426 0 426 412 0 412 323 0 325 324 0 324 406 0
406 415 0 415 325 0 427 452 0 51 463 0 463 451 0 476 463 0 477 488 0 503 487 0 384 385 0
385 379 0 379 384 0 294 295 0 295 392 0 392 384 0 384 294 0 398 393 0 393 53 0 325 416 0
416 404 0 404 324 0 401 402 0 402 395 0 395 401 0 297 298 0 298 409 0 409 401 0 401 297 0
21 421 0 421 410 0 410 225 0 49 433 0 433 421 0 447 434 0 434 106 0 109 448 0 448 460 0
460 25 0 460 473 0 473 50 0 473 484 0 484 22 0 484 500 0 500 224 0
500 513 0 597 512 0 153 536 0 536 523 0 523 153 0 312 313 0
313 552 0 552 565 0 565 312 0 565 564 0 564 350 0 350 312 0 153 550 0 550 536 0 551 558 0
558 61 0 59 545 0 545 559 0 56 532 0 532 545 0 58 520 0 520 532 0 490 507 0 507 520 0
287 281 0 281 285 0 135 516 0 516 528 0 528 135 0 528 541 0 554 540 0 555 568 0 575 567 0
576 580 0 580 256 0 479 492 0 492 152 0 492 511 0 511 218 0 511 522 0 522 218 0 146 522 0
522 534 0 546 533 0 547 561 0 571 560 0 417 407 0 407 420 0 420 126 0 420 432 0 432 216 0
432 446 0 446 216 0 211 458 0 458 161 0 458 471 0 481 470 0 482 498 0 498 202 0 277 376 0
277 377 0 377 378 0 378 277 0 380 583 0 583 388 0 387 380 0 206 583 0 583 125 0 389 390 0
390 24 0 596 434 0 435 436 0 436 43 0 289 465 0 465 466 0 466 289 0 467 289 0 130 494 0
494 495 0 190 586 0 193 584 0 584 496 0 496 190 0 204 498 0 497 117 0 258 503 0 503 504 0
504 258 0 504 505 0 505 258 0 505 506 0 506 258 0 189 571 0 571 572 0 572 189 0 572 573 0
573 189 0 573 574 0 574 189 0 138 577 0 578 138 0 578 579 0 76 256 0 579 76 0 277 292 0
292 375 0 374 292 0 292 293 0 293 381 0 374 380 0 380 293 0 380 382 0 294 293 0 379 293 0
335 293 0 385 335 0 335 386 0 383 294 0 391 295 0 393 392 0 336 335 0 385 393 0 393 336 0
336 394 0 296 295 0 396 296 0 296 397 0 337 336 0 398 337 0 337 399 0 399 394 0 395 296 0
296 297 0 400 297 0 338 296 0 402 338 0 338 403 0 337 324 0 404 399 0 405 324 0 408 298 0
410 587 0 587 409 0 339 588 0 588 587 0 410 339 0 338 588 0 588 589 0 324 323 0 412 406 0
413 323 0 416 399 0 426 440 0 440 415 0 406 426 0 298 299 0 299 418 0 298 407 0 417 299 0
298 368 0 368 420 0 419 368 0 340 339 0 421 340 0 340 422 0 411 339 0
322 323 0 423 322 0 322 424 0 414 323 0 425 329 0 326 325 0
415 427 0 427 326 0 326 428 0 428 416 0 299 300 0 300 430 0 429 300 0 368 369 0 369 432 0
431 369 0 43 340 0 321 322 0 437 321 0 321 438 0 329 330 0 330 440 0 439 330 0 327 326 0
441 327 0 327 442 0 300 301 0 301 444 0 443 301 0 369 370 0 370 446 0 445 370 0 447 341 0
47 435 0 321 320 0 320 450 0 437 449 0 449 320 0 330 331 0 331 452 0 452 440 0 451 331 0
327 328 0 328 454 0 453 328 0 301 302 0 302 456 0 455 302 0 370 371 0 371 458 0 458 446 0
457 371 0 341 342 0 342 460 0 459 342 0 320 319 0 319 462 0 461 319 0 332 331 0 463 332 0
332 464 0 328 289 0 302 303 0 303 469 0 468 303 0 371 372 0 372 471 0 470 372 0 342 343 0
343 473 0 472 343 0 319 318 0 318 475 0 474 318 0 333 332 0 476 333 0 333 477 0 478 304 0
304 303 0 304 480 0 373 372 0 481 373 0 373 482 0 343 344 0 344 484 0 483 344 0 318 317 0
317 486 0 485 317 0 333 334 0 334 488 0 487 334 0 304 305 0 305 490 0 304 479 0 489 305 0
304 362 0 362 492 0 491 362 0 373 66 0 344 345 0 345 500 0 499 345 0 317 316 0 316 502 0
485 501 0 501 316 0 258 334 0 305 306 0 306 507 0 508 306 0 362 363 0 363 511 0 510 363 0
345 346 0 346 513 0 512 346 0 514 356 0 356 316 0 356 516 0 516 502 0 307 306 0 517 307 0
307 518 0 509 306 0 306 355 0 355 520 0 519 355 0 363 364 0 364 522 0 521 364 0 347 346 0
512 523 0 523 347 0 347 524 0 315 356 0 525 315 0 315 526 0 515 356 0 356 357 0 357 528 0
527 357 0 308 307 0 529 308 0 308 530 0 355 354 0 354 532 0 531 354 0 364 365 0 365 534 0
533 365 0 348 347 0 536 348 0 348 537 0 315 314 0 314 539 0 525 538 0 538 314 0 357 358 0
358 541 0 540 358 0 309 308 0 542 309 0 309 543 0 354 353 0 353 545 0
544 353 0 366 365 0 546 366 0 366 547 0 348 349 0 349 549 0
549 537 0 348 535 0 548 349 0 351 348 0 550 351 0 351 551 0 313 314 0 538 552 0 313 553 0
359 358 0 554 359 0 359 555 0 310 309 0 556 310 0 310 557 0 353 352 0 352 559 0 544 558 0
558 352 0 366 367 0 367 561 0 560 367 0 349 350 0 564 549 0 548 562 0 562 350 0 351 352 0
550 559 0 312 566 0 549 565 0 552 537 0 359 360 0 360 568 0 567 360 0 310 311 0 311 570 0
556 569 0 569 311 0 189 367 0 569 563 0 563 350 0 350 311 0 563 566 0 361 360 0 575 361 0
361 576 0 361 138 0 581 283 0 582 288 0 206 389 0 193 572 0 573 585 0 495 586 0 494 100 0
587 402 0 411 589 0 228 590 0 281 591 0 505 593 0 504 257 0 596 108 0 153 597 0 598 61 0
569 599 0 538 600 0
f 3 0 1 2
f 4 3 4 5 6
f 4 7 8 9 -1
f 3 10 11 12
f 4 13 14 15 16
f 4 17 18 19 20
f 4 -17 21 22 23
f 4 24 25 26 27
f 4 28 29 30 31
f 4 32 33 34 35
f 4 36 37 38 39
f 4 40 41 42 43
f 4 44 45 46 47
f 4 48 49 50 51
f 3 52 53 54
f 4 55 56 57 58
f 4 59 60 61 62
f 4 63 64 65 66
f 4 67 68 69 70
f 4 71 72 73 74
f 4 75 76 77 78
f 4 -45 -59 -42 79
f 4 80 81 82 83
f 4 84 85 86 87
f 4 88 89 90 91
f 4 92 93 94 95
f 4 96 -62 97 98
f 4 99 100 101 -37
f 4 102 103 104 -11
f 4 105 106 107 108
f 4 -71 -88 109 -60
f 4 110 111 112 -64
f 4 113 -23 114 -49
f 3 -75 115 -53
f 4 -3 116 -4 117
f 4 118 119 120 121
f 4 -13 122 -33 123
f 3 -111 124 -123
f 3 -67 125 126
f 4 127 128 -20 129
f 4 -40 130 131 132
f 4 -14 133 -44 134
f 4 -24 135 -41 -134
f 4 -114 136 -80 -136
f 4 -52 137 -46 -137
f 4 -8 -118 -7 138
f 4 139 140 -26 141
f 4 142 143 -30 144
f 4 145 146 147 148
f 4 149 150 151 152
f 4 153 154 155 156
f 4 157 158 159 160
f 4 161 162 163 164
f 4 165 166 167 168
f 4 169 -169 170 -151
f 4 171 172 173 174
f 3 175 176 177
f 4 178 179 180 181
f 3 182 183 184
f 3 185 186 187
f 4 188 189 190 191
f 4 -96 192 193 194
f 4 195 196 197 -193
f 4 198 199 200 201
f 4 202 203 204 205
f 4 -182 206 207 208
f 4 -92 209 210 211
f 4 212 213 214 215
f 4 216 217 218 219
f 4 220 221 222 223
f 3 -161 224 225
f 4 226 227 228 229
f 4 230 231 232 -228
f 4 233 234 235 236
f 4 237 238 239 240
f 4 241 242 243 -239
f 4 244 245 246 -243
f 4 247 248 249 250
f 4 251 252 253 -249
f 4 254 255 256 -253
f 4 257 258 259 260
f 4 -252 261 262 263
f 4 -248 264 265 -262
f 4 266 267 268 -265
f 4 269 270 271 272
f 4 273 -261 274 -271
f 4 275 276 277 278
f 4 279 280 281 282
f 4 283 284 285 -281
f 4 286 287 288 289
f 3 290 291 292
f 4 293 -279 294 295
f 4 -294 296 -25 297
f 4 298 299 -142 -297
f 3 300 301 302
f 4 303 304 305 306
f 4 307 308 309 -305
f 4 310 311 312 -309
f 4 -43 -58 313 314
f 4 315 316 -31 317
f 4 318 -121 -35 319
f 4 320 321 322 -199
f 3 323 324 -234
f 3 325 326 327
f 4 -48 328 329 -56
f 4 330 331 -104 -119
f 4 332 -174 -107 333
f 4 -124 -36 -120 -103
f 4 -135 -315 -131 334
f 4 335 -318 -144 336
f 4 337 -108 -173 338
f 4 -195 339 -190 340
f 4 -206 341 -200 342
f 4 -224 343 -218 344
f 4 -212 345 -235 346
f 4 -251 347 -246 348
f 4 -241 349 -256 350
f 4 -283 351 -277 352
f 3 -293 353 354
f 4 -310 -313 -27 355
f 3 356 357 -186
f 4 358 359 -101 -128
f 4 -133 -21 -129 -100
f 4 -306 -356 -141 360
f 4 -192 361 362 363
f 4 -209 364 365 366
f 4 -307 -361 367 368
f 4 -298 -28 -312 369
f 4 370 371 372 -221
f 4 373 -156 -82 374
f 4 -122 375 -117 376
f 4 377 -83 -155 378
f 4 -226 379 380 381
f 4 -237 382 -232 383
f 4 -264 384 -259 385
f 4 386 387 388 389
f 4 -308 390 391 392
f 4 -311 -393 393 394
f 4 -276 395 396 397
f 4 -280 398 399 400
f 4 -353 -398 401 -399
f 4 -370 -395 402 -396
f 4 403 404 405 406
f 4 407 408 -152 409
f 4 410 411 412 413
f 4 414 -407 -164 -213
f 4 -95 415 416 -196
f 4 417 -410 -171 418
f 4 419 420 421 -409
f 4 422 423 424 425
f 4 426 427 428 429
f 4 -287 430 431 432
f 4 433 434 435 436
f 4 437 438 439 440
f 4 441 442 443 444
f 3 445 446 447
f 4 448 -430 449 450
f 3 -355 451 452
f 4 453 454 455 -443
f 4 -349 456 457 458
f 4 459 -437 460 461
f 4 -369 -441 462 463
f 4 464 465 466 467
f 4 -390 468 469 470
f 4 -202 471 472 473
f 4 -185 474 -207 475
f 4 -304 -464 476 -391
f 4 477 478 479 -431
f 4 480 481 482 -455
f 3 -220 483 -163
f 4 -245 484 485 -457
f 4 -238 486 487 488
f 4 -274 489 490 491
f 4 -258 -492 492 493
f 4 -255 494 495 496
f 4 -351 -497 497 -487
f 4 -386 -494 498 -495
f 4 -242 -489 499 -485
f 4 -270 -471 500 -490
f 4 -106 501 -278 502
f 4 -333 503 -282 504
f 4 -175 -505 505 506
f 4 -172 -507 507 508
f 4 -338 509 510 511
f 4 -109 -512 -295 -502
f 4 -334 -503 -352 -504
f 4 -339 -509 512 -510
f 4 513 514 -392 515
f 4 516 517 -394 -515
f 4 518 519 -397 520
f 4 521 522 -400 523
f 4 524 -524 -402 -520
f 4 525 -521 -403 -518
f 4 -427 526 -432 527
f 4 528 529 530 531
f 4 -449 -532 532 -527
f 4 -460 533 -463 534
f 4 535 -516 -477 -534
f 4 536 537 538 -523
f 4 -514 539 -184 540
f 4 -517 -541 541 542
f 4 -519 543 -191 544
f 4 -522 545 -194 546
f 4 -428 547 548 549
f 4 -429 550 -201 551
f 3 -436 552 553
f 3 554 -208 555
f 4 -525 -545 -340 -546
f 4 -450 -552 -342 556
f 4 -526 -543 -362 -544
f 4 557 558 -365 -555
f 4 -550 559 -472 -551
f 4 -536 -462 560 -540
f 4 -382 561 562 563
f 4 564 565 -10 566
f 4 567 568 569 570
f 3 571 572 -321
f 4 -170 573 -22 574
f 4 -343 -323 575 576
f 4 577 578 -50 579
f 4 580 581 582 583
f 4 -203 -577 584 585
f 4 -217 -571 586 587
f 3 588 589 590
f 4 -150 -580 -115 -574
f 4 -335 -39 591 -15
f 4 -345 -588 592 -371
f 3 -367 593 594
f 4 -377 595 596 -331
f 4 597 598 -225 599
f 4 -29 600 -240 601
f 4 -145 -602 -244 602
f 4 -143 -603 -247 603
f 4 -336 604 -250 605
f 4 -316 -606 -254 606
f 4 -317 -607 -257 607
f 4 -337 -604 -348 -605
f 4 -32 -608 -350 -601
f 4 -81 608 -260 609
f 4 -374 610 -263 611
f 4 -157 -612 -266 612
f 4 -154 -613 -269 613
f 4 -378 614 -272 615
f 4 -84 -616 -275 -609
f 4 -375 -610 -385 -611
f 4 -379 -614 616 -615
f 4 -442 617 618 619
f 4 -454 -620 -458 620
f 4 621 622 623 -618
f 4 -481 -621 -486 624
f 4 625 626 627 628
f 4 629 630 -491 631
f 4 632 633 -493 -631
f 4 634 635 -496 636
f 4 637 -629 -498 -636
f 4 638 -637 -499 -634
f 4 639 640 641 642
f 4 643 -632 -501 644
f 4 645 646 647 648
f 4 649 650 651 -482
f 4 -630 652 -229 653
f 4 -633 -654 -233 654
f 4 -635 655 -236 656
f 4 -638 -657 -346 657
f 4 -639 -655 -383 -656
f 4 -223 658 -444 659
f 4 -344 -660 -456 660
f 4 661 662 663 -659
f 4 -219 -661 -483 664
f 4 -644 -468 665 -653
f 4 -231 666 667 668
f 4 -97 669 670 671
f 4 -89 672 673 674
f 4 -189 675 676 677
f 4 678 679 680 -667
f 4 -364 681 682 -676
f 4 -347 -325 683 -673
f 3 684 685 -670
f 4 -63 -672 686 -68
f 4 -55 687 688 -72
f 4 -341 -678 689 690
f 4 -384 -669 691 692
f 3 693 694 695
f 4 696 -696 697 698
f 4 699 700 701 -357
f 4 702 703 704 705
f 4 -476 -181 706 -704
f 4 -149 -425 707 -581
f 3 -595 708 -179
f 4 -360 709 710 711
f 4 -102 -712 712 713
f 4 -38 -714 714 715
f 4 -592 -716 716 717
f 4 718 -718 719 -166
f 4 -474 720 721 -572
f 4 -419 -168 722 723
f 3 -99 724 -685
f 4 -691 725 726 -93
f 4 727 728 729 730
f 4 731 732 733 -729
f 4 734 735 736 -733
f 3 -70 737 -85
f 4 -227 738 739 -679
f 4 -600 -160 740 741
f 4 -178 742 743 -565
f 3 -564 744 -158
f 4 745 746 747 748
f 3 749 750 751
f 4 -372 752 753 -750
f 4 -593 754 755 -753
f 4 -587 756 757 -755
f 3 -570 758 -757
f 3 759 760 761
f 4 -584 762 763 -146
f 4 -165 -406 764 -589
f 4 -426 -148 765 766
f 3 767 768 -404
f 3 -675 769 770
f 4 771 772 773 774
f 3 -775 775 776
f 4 781 782 783 784
f 4 785 786 787 788
f 3 -771 789 -90
f 4 -415 790 791 -768
f 4 -216 -648 792 -791
f 4 -658 -211 793 -626
f 3 -643 794 -646
f 3 795 796 797
f 4 798 799 800 801
f 3 -767 802 803
f 4 804 805 806 -786
f 3 807 808 809
f 4 810 811 812 813
f 4 -359 814 815 816
f 4 -130 817 818 -815
f 3 -330 819 820
f 4 -320 821 822 823
f 4 -6 -824 824 825
f 4 -139 -826 826 827
f 4 -9 -828 828 829
f 4 -567 -830 830 -176
f 4 -153 -422 831 -578
f 3 832 833 834
f 4 835 836 837 838
f 4 -839 839 840 841
f 3 842 843 -833
f 3 -414 844 845
f 3 846 847 -420
f 4 -408 848 849 -847
f 4 -418 850 851 -849
f 4 -724 852 853 -851
f 3 856 857 858
f 4 -222 -859 859 -662
f 4 -599 -467 860 -380
f 4 -445 -664 861 -622
f 4 -645 -470 862 -465
f 3 -624 863 864
f 3 -417 865 866
f 4 -197 -867 867 868
f 3 -869 869 870
f 3 871 872 -537
f 4 -528 -480 873 -548
f 4 -401 -539 874 -284
f 3 -290 875 -478
f 4 -586 876 877 878
f 4 -204 -879 879 880
f 3 -881 881 882
f 3 -557 883 884
f 4 -451 -885 885 -529
f 4 -535 -440 886 -434
f 3 -531 887 888
f 3 890 891 892
f 4 893 894 -358 895
f 4 -363 -542 896 897
f 3 -188 898 899
f 4 -19 900 -327 -818
f 3 -79 901 902
f 3 903 904 905
f 3 907 -302 -438
f 3 -303 908 -291
f 4 -296 -511 909 -299
f 4 -513 910 911 912
f 4 -433 913 -452 914
f 3 915 916 917
f 3 -918 918 919
f 3 -920 920 921
f 3 922 923 924
f 3 -925 925 926
f 3 -927 927 928
f 3 929 -389 930
f 3 -931 931 -446
f 4 932 -865 -447 933
f 4 934 935 -695 -890
f 4 -935 -893 -683 936
f 4 937 938 -698 -936
f 4 -938 -937 939 940
f 4 -941 941 -701 942
f 4 -802 -798 943 -943
f 4 944 -944 -797 945
f 4 -945 946 -74 -939
f 3 -896 -702 -942
f 4 -900 -706 947 -700
f 4 -799 -948 -705 948
f 3 -804 949 -423
f 4 950 -946 951 952
f 4 -951 953 -116 -947
f 4 954 -949 -707 955
f 4 -955 956 -424 -800
f 4 957 -953 -803 958
f 4 -958 959 960 -954
f 4 -814 -810 961 962
f 4 -963 -956 -180 963
f 4 964 -962 -809 965
f 4 -965 966 -708 -957
f 4 967 -807 968 -960
f 4 -968 -959 -766 969
f 4 -811 -964 -709 970
f 4 -817 971 972 -710
f 4 973 974 -972 975
f 4 976 977 -582 -967
f 4 978 -785 979 -787
f 4 -979 -970 -147 980
f 3 -969 -806 981
f 4 982 983 -788 984
f 4 985 986 -711 -812
f 4 -986 987 -877 988
f 4 989 990 -878 -988
f 4 -990 -971 -594 991
f 4 992 -976 -816 993
f 4 -993 994 -66 995
f 4 996 -981 -764 997
f 4 -997 998 -590 999
f 3 -980 -784 -985
f 4 -782 -1000 -765 1000
f 4 1001 -789 1002 1003
f 4 -1002 1004 1005 -805
f 4 1006 1007 -713 -987
f 4 -1007 -989 -585 1008
f 4 1009 1010 -880 -991
f 4 -1010 -992 -366 1011
f 4 1012 -994 -819 -326
f 4 -1013 -903 -126 -995
f 4 1013 -998 -761 1014
f 4 -1014 1015 -569 -999
f 4 1016 1017 -983 -783
f 4 -1017 -1001 -405 1018
f 4 1019 -1004 -770 1020
f 4 -1020 1021 -688 -1005
f 4 1022 1023 -715 -1008
f 4 -1023 -1009 -576 1024
f 4 1025 1026 -882 -1011
f 4 -1026 -1012 -559 1027
f 4 -76 -328 -820 1028
f 4 -34 1029 -78 -822
f 4 1030 1031 -759 -1016
f 4 -1031 -1015 1032 1033
f 4 1034 1035 1036 -1018
f 4 -1035 -1019 -769 1037
f 4 1038 1039 -774 -1022
f 4 -1039 -1021 -674 1040
f 4 1041 1042 -717 -1024
f 4 -1042 -1025 -322 1043
f 4 1044 1045 1046 -1027
f 4 -1045 -1028 -553 1047
f 4 1048 1049 -823 -77
f 4 -1049 -1029 -329 1050
f 4 1051 1052 -758 -1032
f 4 -1052 -1034 -105 1053
f 4 1054 -1038 -792 1055
f 4 -1055 1056 -91 -1036
f 4 1057 -907 -776 -1040
f 4 -1058 -1041 -684 -904
f 4 1058 1059 -720 -1043
f 4 -1059 -1044 -573 1060
f 4 1061 1062 -886 -1046
f 4 -1062 -1048 -435 1063
f 4 1064 1065 -825 -1050
f 4 -1065 -1051 -47 1066
f 4 1067 1068 -756 -1053
f 4 -1068 -1054 -332 1069
f 4 1070 -1056 -793 1071
f 4 -1071 1072 -210 -1057
f 4 -1061 -722 1073 1074
f 4 -1075 1075 -167 -1060
f 4 1076 -1064 -887 1077
f 4 -1077 1078 -530 -1063
f 4 1079 1080 -827 -1066
f 4 -1080 -1067 -138 1081
f 4 1082 1083 -754 -1069
f 4 -1083 -1070 -597 1084
f 4 1085 1086 -794 -1073
f 4 -1086 -1072 -647 1087
f 4 1088 1089 -723 -1076
f 4 -1089 1090 -416 1091
f 4 1092 1093 -866 -1091
f 4 -1093 -1074 -721 1094
f 4 1095 -453 -888 -1079
f 4 -1096 -1078 -439 -301
f 4 1096 1097 -829 -1081
f 4 -1097 -1082 -51 1098
f 4 1099 1100 -751 -1084
f 4 -1100 -1085 1101 1102
f 4 1103 -1088 -795 -916
f 4 -1104 -922 -627 -1087
f 4 1104 1105 -853 -1090
f 4 -1105 -1092 -94 1106
f 4 1107 1108 -868 -1094
f 4 -1108 -1095 -473 1109
f 4 1110 1111 -831 -1098
f 4 -1111 -1099 -579 1112
f 4 -1103 -748 1113 1114
f 4 -1115 1115 1116 -1101
f 4 1117 -1107 -727 1118
f 4 -1118 1119 -686 1120
f 4 1121 1122 -854 -1106
f 4 -1122 -1121 -725 1123
f 4 1124 1125 -870 -1109
f 4 -1125 -1110 -560 1126
f 4 1127 -1113 1128 1129
f 4 -1128 1130 -177 -1112
f 4 1131 -1114 -747 1132
f 4 1133 -563 1134 -1132
f 4 1135 1136 -858 -1116
f 4 -1136 -1135 -562 1137
f 4 1138 -1119 -730 1139
f 4 -1139 1140 -671 -1120
f 4 1141 1142 -852 -1123
f 4 -1142 -1124 -98 1143
f 4 1144 1145 -873 -1126
f 4 -1145 -1127 -549 1146
f 4 1147 -1130 -834 1148
f 4 -1148 1149 -743 -1131
f 4 1150 1151 -745 -1134
f 4 -1151 -1133 1152 1153
f 4 1154 1155 -860 -1137
f 4 -1155 -1138 -381 1156
f 4 1157 -1140 -734 1158
f 4 -1158 1159 -687 -1141
f 4 1160 1161 -850 -1143
f 4 -1161 -1144 -61 1162
f 4 1163 -1147 -874 1164
f 4 -1164 1165 -538 -1146
f 4 1166 1167 1168 -1150
f 4 -1167 1169 -412 1170
f 4 1171 -1149 -844 1172
f 4 -1172 1173 -413 -1170
f 4 1174 -1154 1175 -837
f 4 -1175 1176 -159 -1152
f 4 1177 -1157 -861 1178
f 4 -1178 1179 -663 -1156
f 4 1180 -1159 -737 1181
f 4 -1181 1182 -69 -1160
f 4 1183 1184 -848 -1162
f 4 -1184 -1163 1185 1186
f 4 1187 1188 -875 -1166
f 4 -1188 -1165 -479 1189
f 4 1190 -841 1191 -1168
f 4 -1171 1192 1193 -1191
f 4 1194 -1187 -845 -1174
f 4 -1195 -1173 1195 -1185
f 4 -836 1196 -741 -1177
f 4 -1169 1197 -838 1198
f 4 1199 1200 -862 -1180
f 4 -1200 -1179 -466 1201
f 4 1202 1203 -738 -1183
f 4 -1203 -1182 1204 1205
f 4 1206 -1190 -876 -923
f 4 -1207 -929 -285 -1189
f 4 -1206 1207 1208 1209
f 4 -1210 -1194 -86 -1204
f 4 -842 -1209 1210 -1197
f 3 -1192 -840 -1198
f 4 1211 -1202 -863 1212
f 4 -1212 1213 -623 -1201
f 4 1214 -448 -864 -1214
f 4 -1215 -1213 -469 -930
f 4 -779 -731 -726 1215
f 4 -780 -1216 -690 1216
f 4 -781 -1217 -677 -892
f 4 -682 -898 -894 -940
f 4 -187 -895 -897 1217
f 4 -899 -1218 -183 -703
f 3 -475 -561 -556
f 3 -554 -558 -461
f 4 -883 -1047 -884 -205
f 3 -889 -914 -533
f 4 1218 -924 -289 -911
f 4 -915 -354 -912 -288
f 4 -928 1219 -506 -286
f 4 -926 -1219 -508 -1220
f 4 -292 1220 -910 -913
f 4 -909 1221 -300 -1221
f 4 -140 -1222 -908 -368
f 4 -198 -871 -872 -547
f 4 -808 -813 -973 1222
f 4 -966 -1223 -975 -977
f 4 -996 1223 -978 -974
f 4 -65 1224 -583 -1224
f 4 -113 -762 -763 -1225
f 4 -856 1225 -689 -773
f 4 -855 -699 -73 -1226
f 4 -982 -1006 -54 -961
f 4 -796 -801 -950 -952
f 4 -984 -1037 -790 -1003
f 4 -778 -905 -324 -693
f 4 -617 -268 -387 -273
f 4 -932 -388 -267 -934
f 3 -619 -933 -459
f 4 -921 1226 -488 -628
f 4 -919 1227 -500 -1227
f 3 -625 -641 -650
f 4 -649 -215 -651 -640
f 4 -665 -652 -214 -484
f 3 -591 -568 -162
f 4 -902 -1030 -125 -127
f 4 -760 -112 -12 -1033
f 4 -57 -821 -901 1228
f 4 -314 -1229 -18 -132
f 3 -16 -719 -575
f 4 -843 1229 -421 -1196
f 4 -835 -1129 -832 -1230
f 4 -846 -1186 -110 1230
f 4 -411 -1231 -87 -1193
f 3 1231 -740 -1208
f 4 -1205 -736 -680 -1232
f 3 -1211 -739 -742
f 3 -666 -598 -230
f 3 -917 -642 -1228
f 4 -752 -1117 -857 -373
f 4 -1176 1232 -744 -1199
f 4 -1153 -746 -566 -1233
f 4 -1102 -596 -2 -749
f 3 -319 -5 -376