101 67 295
-0.43084705 0.27491856 0.065977961 -0.39138016 0.34212017 0.015381187
-0.46331865 -0.20869064 -0.17149717 -0.45716432 -0.26719666 -0.1596029 -0.37032053 -0.083330154 -0.081365898
-0.45051172 -0.32682228 -0.14628693 -0.39437011 -0.08384037 -0.038218558 -0.40015513 -0.32961369 -0.12665619
-0.40620732 -0.26411438 -0.13715915 -0.41221178 0.38195229 0.078505158 -0.40186995 -0.20192051 -0.1482695
-0.46101809 0.26944256 0.076039255 -0.41119286 0.48613071 -0.056960449 -0.46935278 0.08020401 0.10068282
-0.41358197 0.46086407 -0.16729912 -0.42780134 0.49575043 -0.28833902 -0.47297281 -0.19985485 -0.21891615
-0.35172653 -0.03041172 -0.13617694 -0.37871185 0.13550282 -0.34517357 -0.42744404 0.47207355 0.050577849
-0.48466462 0.30539131 0.13797659 -0.41368091 0.55612373 -0.054450467 -0.53840208 0.14426041 0.084373116
-0.41962209 0.19449615 0.058825761 -0.47465017 -0.25172901 -0.20558883 -0.45711723 0.63098526 -0.19221589
-0.35027298 -0.10960674 -0.14980674 -0.54665017 -0.017292023 0.031093329 -0.42920655 0.62231541 -0.34457773
-0.46079347 -0.067596436 0.030062556 -0.57873815 0.50563526 -0.21425807 -0.49544942 0.49959564 -0.459355
-0.43232661 0.47442627 -0.30062649 -0.4263894 -0.11894512 -0.026948944 -0.46397808 0.45245075 -0.40672362
-0.36346301 -0.056985855 -0.21289583 -0.41437715 0.41211033 -0.27453965 -0.34961975 -0.092056274 -0.12730899
-0.37420443 0.27451515 -0.30897111 -0.35448328 0.065313339 -0.30103844 -0.36180344 0.25416851 -0.29554647
-0.43979371 0.29786015 -0.4159779 -0.361581 0.10646629 -0.37637046 -0.42660812 0.22007561 -0.42312512
-0.35008183 -0.027206421 -0.21783242 -0.49134475 -0.14361954 -0.27619985 -0.37503338 0.17817783 -0.33191046
-0.50735867 0.54375362 -0.036533952 -0.40108505 0.38788605 0.09859699 -0.55072629 0.31664181 0.077985078
-0.33530837 -0.15848064 -0.18257402 -0.41768029 0.34705162 0.1366142 -0.39794382 0.52007198 -0.062534064
-0.55031246 0.6509285 -0.27533066 -0.56851333 0.1062603 0.069783241 -0.4551428 0.70471764 -0.50249499
-0.5766086 0.010736465 -0.027755886 -0.46204674 0.31321049 -0.43558848 -0.4761802 -0.31576729 -0.18796319
-0.49741787 0.1679039 0.087979048 -0.44449607 0.59500885 -0.15830064 -0.55553335 -0.094978333 -0.10483454
-0.37018752 0.086959839 -0.40129524 -0.41794482 0.71249485 -0.45303029 -0.42430261 -0.026941299 0.032848239
-0.34206563 0.24121952 -0.10274638 -0.45258859 0.15980911 -0.49376261 -0.57881933 0.55633354 -0.38469163
-0.45121652 0.62097168 -0.43595821 -0.55834979 0.61626434 -0.27754459 -0.54322195 0.53160954 -0.51373029
-0.52443403 0.59076309 -0.50171226 -0.39999002 0.66281319 -0.27560145 -0.62617671 0.3406229 -0.35618532
-0.42142624 0.4778223 -0.15740353 -0.45730889 -0.15356731 -0.043243155 -0.47591084 0.60712814 -0.47087824
-0.48020151 -0.10008717 -0.34134054 -0.50558037 -0.12262821 -0.26789978 -0.50966841 -0.11592388 -0.21699654
-0.35794386 -0.07600975 -0.3523117 -0.44103885 -0.064694405 -0.38798228 -0.33227226 -0.11741066 -0.19658101
-0.51189387 -0.079737663 -0.1689226 -0.48808241 0.071172714 0.096060753 -0.61857635 0.084104538 -0.080307558
-0.46886119 0.21889687 -0.50112849 -0.58135134 0.21963501 -0.44930854 -0.64885843 0.13518906 -0.21643215
-0.42244416 0.17018604 -0.43409207 -0.60327435 0.064817429 -0.31577486 -0.57603049 0.037572861 0.016863555
-0.3741484 0.11939049 -0.369425 -0.52749032 0.081746101 0.082641482 -0.37386015 0.13381004 -0.3458809
-0.35155919 0.055207253 -0.26659542 -0.54860306 0.67728806 -0.3911199 -0.51310039 0.14119625 -0.45467389
-0.34500763 0.034031868 -0.16256498 -0.54242682 0.40055561 -0.52948314 -0.65088385 0.19618034 -0.18927465
-0.4409824 -0.10198212 -0.37225139 -0.35273015 -0.11622047 -0.33189809 -0.47649753 -0.13134289 -0.32830456
-0.47265929 -0.14722252 -0.17537072 -0.61984509 0.21352959 -0.028873965 -0.42598999 0.34269619 0.1601879
-0.44629318 0.32449818 0.16334993 -0.64427888 0.25787258 -0.17878142 -0.35423353 0.014061928 -0.2605032
-0.40756842 0.60050297 -0.23366073 -0.53249884 0.19648743 -0.47728509 -0.51350772 0.19017315 0.18011162
-0.61660719 0.29142094 -0.37792692 -0.53065223 0.3466177 -0.52629387 -0.47263271 0.29230499 -0.44342059
-0.56260061 0.18631554 0.085673332 -0.4336673 0.24454021 -0.41512403 -0.5192064 0.20747375 0.15624812
-0.37018487 0.16894913 -0.30917484 -0.48425078 0.21111679 0.096430212 -0.37870041 0.15636253 -0.31449372
-0.62994027 0.32307434 -0.1841774 -0.34041294 -0.31533813 -0.17903098 -0.47476658 0.15445995 0.10346296
-0.35940206 -0.028455734 -0.25373027 -0.46075732 0.14043522 -0.48745316 -0.33774102 0.15653133 -0.1614103
-0.49365771 0.24744225 -0.46718413 -0.33905455 -0.25796413 -0.18245396 -0.58694553 0.4284935 -0.061586261
-0.60633016 0.42855644 -0.200699 -0.54928094 0.45166969 -0.51513273 -0.60570717 0.43422985 -0.35999233
-0.41307938 0.41352844 0.14616406 -0.4024339 0.39605808 0.13731948 -0.37240648 0.25233746 -0.025357321
-0.51490086 0.67382336 -0.50446582 -0.3453187 -0.062505722 -0.1774586 -0.48055947 0.39531708 -0.4516632
-0.53313464 0.40295506 0.029208213 -0.45847675 0.38265324 -0.43489337 -0.46602625 0.37461567 0.11616579
-0.38088924 0.37860298 -0.3156395 -0.42673916 0.32096577 0.11301759 -0.37410599 0.36594582 -0.29471239
-0.43294692 0.31743431 0.079841077 -0.360901 0.084724426 -0.43582422 -0.40081602 0.42825603 0.020578742
-0.34211418 -0.20313358 -0.1846171 -0.5757941 -0.018699646 -0.14793004 -0.62794256 0.066917419 -0.11983706
-0.6189034 0.13435173 -0.031015575 -0.6079154 0.32326698 -0.017752647 -0.57044291 0.53354454 -0.11739893
-0.52975786 0.59301758 -0.1669054 -0.49428821 -0.079613686 0.038714319 -0.39893994 0.71026707 -0.38184381
-0.43289548 -0.13417339 -0.053360581 -0.42896274 0.41479588 -0.27826202 -0.41855812 0.46017361 -0.1094148
-0.40728468 0.48233891 -0.1112269 -0.43652552 0.59815598 -0.12338266 -0.471616 0.56930256 -0.070627064
-0.60870916 0.25404835 -0.39964497 -0.49090743 -0.14999676 -0.22179942
-0.51042426 0.27487087 -0.51051277 -0.57220685 0.60181808 -0.3845956
-0.39002973 0.44393063 0.082794726 -0.64176637 0.10205555 -0.25109544 -0.45423946 0.27979279 0.11041468
-0.52117395 0.64796925 -0.20558842 -0.36361521 0.51573181 0.071952492 -0.36011797 0.49981403 0.07054472
-0.48284423 0.59267044 -0.13561542 -0.48634678 0.6342001 -0.1921514 -0.34319884 0.54595184 0.011254042
-0.4316164 0.53615665 -0.027731761 -0.45339507 0.2173872 0.16025779 -0.37660733 0.47316647 0.077508658
-0.46739325 0.32718945 0.13663602 -0.35352477 0.54885769 0.026968032 -0.39467388 0.46244335 0.011496425
-0.42636877 0.075224876 0.067938805 -0.40509409 0.3308115 0.050283134 -0.45734793 0.21891785 0.08110866
-0.38735384 0.36358643 -0.031961024 -0.44017872 0.043028831 0.074075282 -0.36917233 0.37307835 -0.097286507
-0.43621248 -0.051190376 0.029677391 -0.35186124 0.36141586 -0.12176837 -0.41061443 -0.1008482 -0.021449447
-0.3417615 0.36552525 -0.17926806 -0.36554876 -0.084389687 -0.10108943 -0.34447908 0.2070837 -0.23839681
-0.34955505 -0.0062475204 -0.18858808 -0.35482582 0.06487751 -0.25637442 -0.34792006 0.025998116 -0.23350275
-0.34724939 0.13590717 -0.25644866 -0.31980693 0.30233955 -0.20268247 -0.34701425 -0.049942017 -0.15941954
-0.44570833 0.12798405 0.088098824 -0.53496605 0.71849728 -0.30347502 -0.53337836 0.74354076 -0.39971387
-0.51170856 0.71617889 -0.2457877 -0.49400446 0.74299431 -0.49174941 -0.47537452 0.70626926 -0.22611159
-0.44634557 0.76309013 -0.49269453 -0.44236431 0.70338726 -0.22982436 -0.40720582 0.77145004 -0.45651972
-0.38531873 0.73131275 -0.30451822 -0.39518422 0.76950455 -0.39393741 -0.52861273 0.79951954 -0.29529905
-0.52327079 0.81738567 -0.38756406 -0.50069964 0.79699612 -0.24698086 -0.48530412 0.81623268 -0.46863428
-0.47105128 0.78723335 -0.23279893 -0.44160205 0.83463573 -0.46940762 -0.44175592 0.78632641 -0.23294109
-0.40291893 0.84084988 -0.44177979 -0.38724607 0.80449486 -0.29722726 -0.38695887 0.84308624 -0.3847326
-0.50693583 0.89615536 -0.29665816 -0.50495577 0.90546989 -0.36682853 -0.49185264 0.89285469 -0.25797135
-0.4714992 0.92055035 -0.44070429 -0.45938769 0.89371967 -0.24398793 -0.43004149 0.93260288 -0.44912899
-0.4338876 0.89781189 -0.24327229 -0.39096314 0.93597794 -0.40875807 -0.3852734 0.91454983 -0.29142699
-0.38592625 0.92901802 -0.35212627 -0.35835201 0.075637817 -0.43040061 -0.44711822 0.087995529 -0.46463501
-0.58878124 0.10877228 -0.3222456 -0.56424439 0.1123848 -0.23238252 -0.51628059 0.076662064 -0.41811168
-0.57741994 0.066688538 -0.2996009 -0.34461471 0.025057793 -0.28906047 -0.35188833 -0.026514053 -0.37047169
-0.35435897 0.021893501 -0.40380475 -0.44876307 -0.00020503998 -0.41867089 -0.44904423 0.048028946 -0.44111606
-0.57126606 -0.0051898956 -0.21734078 -0.5738973 -0.037120819 -0.23966965 -0.55348778 0.06424427 -0.21075495
-0.51868212 -0.053575516 -0.17286703 -0.50330257 0.03751564 -0.40594396 -0.49755418 -0.025035858 -0.37812477
-0.58577394 0.0013980865 -0.2846764 -0.54245889 -0.062794685 -0.26997462 -0.34714526 -0.0071640015 -0.27446455
-0.33819494 -0.084537506 -0.21956615 -0.4003602 -0.1303978 -0.11131273 -0.3856439 -0.11478519 -0.076015204
-0.41614375 -0.12824535 -0.13981229 -0.42321485 -0.094667435 -0.20218739 -0.48206043 -0.19486713 -0.26345813
-0.3954199 -0.15275574 -0.16713241 -0.39133841 -0.098384857 -0.062646151 -0.44530687 0.071223259 -0.22236151
-0.43164107 0.048295021 -0.2390575 -0.4332839 -0.05947113 -0.21564466 -0.41917169 -0.32371426 -0.30962083
-0.45646495 -0.329566 -0.27674457 -0.35112962 -0.33562565 -0.25978652 -0.47726867 -0.34137535 -0.23143186
-0.34197322 -0.36591721 -0.1613864 -0.47003639 -0.36034012 -0.1780483 -0.39952603 -0.38127041 -0.12259355
-0.44944832 -0.374547 -0.1400719 -0.43463454 -0.15765953 -0.35648155 -0.43137166 -0.21793556 -0.33720106
-0.42226493 -0.27470589 -0.32457644 -0.45828524 -0.28618145 -0.28868178 -0.46365169 -0.23547077 -0.29540485
-0.47209215 -0.18208694 -0.31355548 -0.35410726 -0.16954517 -0.32032678 -0.35359228 -0.22561455 -0.29093605
-0.35112756 -0.28049564 -0.27052933 -0.48102584 -0.29755688 -0.2385233 -0.47925895 -0.24913311 -0.24958473
-0.41475707 -0.44955921 -0.27951047 -0.45146945 -0.45424271 -0.24938048 -0.34707347 -0.45292282 -0.2348481
-0.47175568 -0.46256638 -0.20793025 -0.33732074 -0.47187138 -0.14618921 -0.46426919 -0.47528839 -0.15939149
-0.39426279 -0.48596859 -0.11005493 -0.44371745 -0.48409653 -0.12517478 -0.41704887 -0.38749313 -0.29396024
-0.4540782 -0.39269066 -0.26249927 -0.34913707 -0.39497185 -0.24672545 -0.47462893 -0.40265751 -0.21915711
-0.33966741 -0.41936684 -0.15332627 -0.46724829 -0.41838741 -0.16823742 -0.39693326 -0.43406296 -0.11589962
-0.44665438 -0.42982101 -0.1321739 -0.43933603 0.59704304 -0.1356941 -0.47863299 0.58388424 -0.11123593
98 127 0 127 65 0 17 98 0 65 136 0 4 17 0 136 23 0
6 4 0 23 183 0 64 6 0 183 64 0 14 32 0 32 15 0 15 74 0 74 14 0 33 29 0 29 156 0 156 158 0
158 33 0 23 0 0 0 185 0 185 23 0 136 1 0 1 184 0 184 23 0 183 201 0 201 187 0 187 183 0
136 188 0 188 186 0 186 136 0 168 173 0 173 172 0 172 179 0 179 168 0 4 193 0 193 200 0
200 17 0 128 166 0 166 114 0 114 115 0 115 128 0 37 254 0 254 253 0 253 26 0 26 37 0
187 189 0 189 64 0 36 145 0 145 143 0 143 159 0 159 36 0 44 138 0 138 125 0 125 39 0
39 44 0 65 190 0 190 188 0 49 153 0 153 105 0 105 116 0 116 49 0 57 99 0 99 132 0
132 139 0 139 57 0 189 191 0 191 6 0 127 198 0 198 194 0 194 127 0 65 192 0 192 190 0
6 259 0 259 193 0 127 199 0 199 192 0 200 195 0 195 98 0 40 121 0 121 119 0 119 38 0
38 40 0 46 95 0 95 94 0 94 18 0 18 46 0 128 89 0 89 86 0 86 166 0 54 152 0 152 85 0
85 91 0 91 54 0 19 177 0 177 163 0 163 47 0 47 19 0 96 167 0 167 69 0 69 53 0 53 96 0
178 112 0 112 22 0 22 59 0 59 178 0 90 97 0 97 236 0 236 237 0 237 90 0 126 147 0
147 232 0 232 233 0 233 126 0 50 102 0 102 80 0 80 82 0 82 50 0 45 165 0 165 79 0
79 78 0 78 45 0 97 126 0 233 236 0 165 104 0 104 83 0 83 79 0 104 258 0 258 256 0
256 83 0 51 135 0 135 134 0 134 180 0 180 51 0 59 84 0 84 13 0 13 59 0 31 70 0 70 71 0
71 76 0 76 31 0 27 156 0 156 84 0 84 93 0 93 27 0 169 151 0 151 85 0 85 88 0 88 169 0
111 169 0 88 87 0 87 111 0 164 166 0 86 87 0 87 164 0 151 56 0 56 91 0 128 43 0 43 92 0
92 89 0 62 66 0 66 86 0 89 62 0 22 54 0 91 93 0 93 22 0 39 42 0
42 92 0 92 94 0 94 39 0 95 44 0 197 98 0 195 197 0 163 299 0
299 154 0 154 47 0 159 15 0 32 36 0 170 51 0 51 106 0 106 120 0 120 170 0 178 106 0
106 107 0 107 112 0 107 118 0 118 22 0 164 100 0 100 108 0 108 113 0 113 164 0 113 114 0
54 116 0 105 152 0 115 117 0 117 43 0 20 49 0 116 118 0 118 20 0 18 43 0 117 119 0
119 18 0 74 298 0 298 162 0 162 161 0 161 74 0 180 107 0 121 46 0 57 115 0 114 99 0
11 170 0 120 124 0 124 11 0 98 196 0 196 198 0 75 27 0 27 56 0 56 61 0 61 75 0 34 141 0
141 139 0 139 31 0 31 34 0 122 153 0 153 130 0 130 131 0 131 122 0 67 70 0 70 132 0
132 133 0 133 67 0 30 67 0 133 131 0 131 30 0 20 180 0 134 142 0 142 20 0 48 168 0
168 135 0 135 144 0 144 48 0 41 57 0 141 41 0 49 140 0 140 130 0 253 255 0 255 35 0
35 26 0 47 140 0 140 142 0 142 19 0 38 41 0 141 143 0 143 38 0 179 134 0 145 40 0
15 28 0 28 110 0 110 74 0 61 150 0 150 234 0 234 235 0 235 61 0 55 76 0 71 137 0
137 55 0 103 77 0 77 81 0 81 101 0 101 103 0 55 63 0 63 68 0 68 76 0 66 111 0 9 48 0
144 146 0 146 9 0 194 199 0 68 34 0 73 99 0 113 73 0 100 88 0 152 100 0 34 159 0
122 108 0 108 105 0 130 154 0 154 30 0 69 30 0 154 155 0 155 69 0 155 171 0 171 53 0
161 160 0 160 14 0 75 158 0 21 52 0 52 161 0 162 21 0 60 174 0 174 299 0 299 298 0
298 60 0 169 90 0 90 150 0 150 151 0 52 176 0 176 173 0 173 182 0 182 52 0 197 196 0
11 146 0 144 170 0 9 148 0 148 182 0 182 48 0 19 179 0 172 177 0 13 124 0 120 59 0
12 160 0 52 12 0 60 25 0 25 175 0 175 174 0 176 181 0 181 172 0 148 12 0 42 62 0
68 15 0 162 163 0 177 21 0 26 125 0
138 37 0 35 109 0 109 125 0 255 260 0 260 238 0 238 35 0
42 109 0 109 147 0 147 62 0 66 126 0 97 111 0 103 45 0 78 77 0 102 101 0 81 80 0
29 13 0 238 232 0 232 109 0 67 167 0 167 71 0 72 110 0 28 157 0 157 72 0 73 133 0
73 122 0 181 21 0 117 41 0 28 68 0 63 157 0 96 137 0 237 234 0 72 25 0 60 110 0 175 171 0
155 174 0 185 201 0 146 0 0 0 184 0 184 9 0 148 1 0 1 186 0 186 12 0 13 187 0 201 124 0
160 188 0 188 14 0 138 200 0 193 37 0 29 189 0 190 32 0 33 191 0 40 194 0 198 121 0
192 36 0 33 254 0 254 259 0 259 191 0 199 145 0 44 195 0 95 197 0 196 46 0 185 11 0
53 202 0 202 203 0 203 96 0 171 204 0 204 202 0 203 205 0 205 137 0 175 206 0 206 204 0
205 207 0 207 55 0 25 208 0 208 206 0 207 209 0 209 63 0 72 210 0 210 208 0 209 211 0
211 157 0 211 210 0 202 212 0 212 213 0 213 203 0 204 214 0 214 212 0 213 215 0 215 205 0
206 216 0 216 214 0 215 217 0 217 207 0 208 218 0 218 216 0 217 219 0 219 209 0 210 220 0
220 218 0 219 221 0 221 211 0 221 220 0 212 222 0 222 223 0 223 213 0 214 224 0 224 222 0
223 225 0 225 215 0 216 226 0 226 224 0 225 227 0 227 217 0 218 228 0 228 226 0 227 229 0
229 219 0 220 230 0 230 228 0 229 231 0 231 221 0 231 230 0 78 250 0 250 248 0 248 77 0
81 241 0 241 239 0 239 80 0 248 241 0 83 246 0 246 244 0 244 79 0 256 262 0 262 246 0
239 252 0 252 82 0 244 250 0 236 247 0 247 249 0 249 237 0 247 248 0 250 249 0 242 240 0
240 239 0 241 242 0 232 240 0 242 233 0 247 242 0 234 243 0 243 245 0 245 235 0 243 244 0
246 245 0 260 261 0 261 251 0 251 238 0 261 262 0 262 252 0 252 251 0 240 251 0 249 243 0
158 253 0 82 256 0 258 50 0 75 255 0 61 255 0
245 261 0 260 235 0 101 271 0 271 276 0 276 103 0 102 277 0
277 271 0 276 257 0 257 45 0 50 149 0 149 277 0 257 16 0 16 165 0 258 10 0 10 149 0
16 2 0 2 104 0 2 10 0 272 275 0 275 276 0 271 272 0 273 274 0 274 275 0 272 273 0
263 264 0 264 274 0 273 263 0 278 272 0 277 278 0 279 273 0 278 279 0 265 263 0 279 265 0
264 266 0 266 280 0 280 274 0 280 281 0 281 275 0 281 257 0 129 278 0 149 129 0 123 279 0
129 123 0 267 265 0 123 267 0 266 268 0 268 58 0 58 280 0 58 24 0 24 281 0 24 16 0
8 129 0 10 8 0 7 123 0 8 7 0 269 267 0 7 269 0 268 270 0 270 5 0 5 58 0 5 3 0 3 24 0
3 2 0 3 8 0 5 7 0 270 269 0 263 290 0 290 291 0 291 264 0 265 292 0 292 290 0 291 293 0
293 266 0 267 294 0 294 292 0 293 295 0 295 268 0 269 296 0 296 294 0 295 297 0 297 270 0
297 296 0 282 283 0 283 291 0 290 282 0 284 282 0 292 284 0 283 285 0 285 293 0 286 284 0
294 286 0 285 287 0 287 295 0 288 286 0 296 288 0 287 289 0 289 297 0 289 288 0
f 4 10 11 12 13
f 4 14 15 16 17
f 3 18 19 20
f 4 -6 21 22 23
f 3 24 25 26
f 3 27 28 29
f 4 30 31 32 33
f 4 34 35 36 -5
f 4 37 38 39 40
f 4 41 42 43 44
f 4 -10 -27 45 46
f 4 47 48 49 50
f 4 51 52 53 54
f 4 -4 55 56 -28
f 4 57 58 59 60
f 4 61 62 63 64
f 4 -9 -47 65 66
f 3 67 68 69
f 3 70 71 -56
f 4 -7 72 73 -35
f 4 -2 74 75 -71
f 4 76 77 -3 -37
f 4 78 79 80 81
f 4 82 83 84 85
f 4 86 87 88 -38
f 4 89 90 91 92
f 4 93 94 95 96
f 4 97 98 99 100
f 4 101 102 103 104
f 4 105 106 107 108
f 4 109 110 111 112
f 4 113 114 115 116
f 4 117 118 119 120
f 4 121 -113 122 -107
f 4 123 124 125 -119
f 4 126 127 128 -125
f 4 129 130 131 132
f 3 133 134 135
f 4 136 137 138 139
f 4 140 141 142 143
f 4 144 145 146 147
f 4 148 -148 149 150
f 4 151 -89 152 153
f 4 154 155 -92 -146
f 4 156 157 158 -87
f 4 159 160 -88 161
f 4 162 -93 163 164
f 4 165 166 167 168
f 4 -55 -169 -84 169
f 3 170 -78 171
f 4 -96 172 173 174
f 4 -51 175 -12 176
f 4 177 178 179 180
f 4 181 182 183 -102
f 4 -103 -184 184 185
f 4 186 187 188 189
f 4 -152 -190 190 -39
f 4 -90 191 -60 192
f 4 -157 -41 193 194
f 4 195 -61 196 197
f 4 198 -195 199 200
f 4 201 202 203 204
f 4 -133 205 -183 -179
f 4 -86 -201 -80 206
f 4 -62 207 -40 208
f 4 209 -181 210 211
f 4 212 213 -68 -1
f 4 214 215 216 217
f 4 218 219 220 221
f 4 222 223 224 225
f 4 226 227 228 229
f 4 230 -230 231 232
f 4 233 -132 234 235
f 4 236 237 238 239
f 4 240 -65 -220 241
f 4 -58 242 243 -224
f 4 -44 244 245 246
f 4 -97 247 248 249
f 4 250 -242 251 252
f 4 -137 -221 -64 -228
f 4 -34 253 -131 -238
f 4 -82 -253 -49 254
f 4 -13 255 256 257
f 4 258 259 260 261
f 4 262 -139 263 264
f 4 265 266 267 268
f 4 269 270 271 -263
f 4 -151 -153 -161 272
f 4 273 -240 274 275
f 3 276 -75 -70
f 4 -140 -272 277 -222
f 4 278 -209 -191 279
f 4 280 -147 -91 281
f 4 -50 -252 -219 282
f 4 283 284 -59 -223
f 4 -233 -225 285 286
f 4 287 -287 288 289
f 4 -100 -290 290 291
f 4 -14 -205 292 293
f 4 -17 -141 -215 294
f 4 295 296 -204 297
f 4 298 299 300 301
f 4 302 303 304 -145
f 4 305 306 307 308
f 4 -104 -165 -143 -134
f 3 -171 309 -213
f 4 310 -275 311 -210
f 4 312 313 314 -274
f 4 315 -33 316 -94
f 4 317 -211 318 -136
f 4 319 -293 -297 320
f 4 321 322 323 -299
f 4 324 325 -32 -307
f 4 -321 -309 -314 326
f 4 327 -162 -159 -167
f 4 -283 -278 328 -176
f 4 -298 329 -95 330
f 4 -45 331 -53 332
f 4 -247 333 334 -332
f 4 -246 335 336 337
f 4 -328 338 339 340
f 4 -273 341 -122 342
f 4 343 -121 344 -266
f 4 -160 -341 -110 -342
f 4 -343 -106 -303 -149
f 4 -155 -305 -259 -217
f 4 345 -268 346 -115
f 4 347 -135 -142 -16
f 4 -187 -154 -150 -281
f 4 -338 348 349 -334
f 4 -227 350 351 -138
f 4 352 -257 353 354
f 4 -279 355 -229 -63
f 4 356 -226 -232 -356
f 4 -351 -231 -288 -99
f 4 -319 -180 -182 -105
f 4 -282 -193 -285 -188
f 4 -198 -185 -206 -234
f 4 -250 -235 -254 -316
f 4 -331 -317 -326 357
f 4 -296 -358 -325 -306
f 4 -54 -335 -339 -166
f 4 -81 -200 358 -251
f 4 -85 -168 -158 -199
f 4 -236 -249 -243 -196
f 4 -359 -194 -208 -241
f 4 -175 -286 -244 -248
f 4 -315 -308 -31 -237
f 4 -312 -239 -130 -178
f 4 -354 359 -271 360
f 4 361 -264 -352 -98
f 4 -109 362 -260 -304
f 4 363 -322 364 -353
f 4 -186 -197 -192 -163
f 4 -357 -280 -189 -284
f 4 -324 365 -291 366
f 4 -144 -164 -156 -216
f 4 -21 367 -25 -8
f 4 -276 368 369 370
f 4 -327 371 372 373
f 4 -318 374 -26 375
f 3 -294 376 377
f 4 -333 378 -36 379
f 4 -348 380 -46 -375
f 4 -11 -378 -57 381
f 4 -15 382 -66 -381
f 4 -79 383 -69 384
f 4 -177 -382 -72 385
f 4 386 387 388 -383
f 4 -48 -386 -76 389
f 4 -52 390 -77 -379
f 4 -170 391 -172 -391
f 4 -207 -385 -214 392
f 4 -255 -390 -277 -384
f 4 -83 -393 -310 -392
f 4 -212 -376 -368 393
f 4 -101 394 395 396
f 4 -292 397 398 -395
f 4 -362 -397 399 400
f 4 -366 401 402 -398
f 4 -265 -401 403 404
f 4 -323 405 406 -402
f 4 -270 -405 407 408
f 4 -364 409 410 -406
f 4 -361 -409 411 412
f 4 -355 -413 413 -410
f 4 -396 414 415 416
f 4 -399 417 418 -415
f 4 -400 -417 419 420
f 4 -403 421 422 -418
f 4 -404 -421 423 424
f 4 -407 425 426 -422
f 4 -408 -425 427 428
f 4 -411 429 430 -426
f 4 -412 -429 431 432
f 4 -414 -433 433 -430
f 4 -416 434 435 436
f 4 -419 437 438 -435
f 4 -420 -437 439 440
f 4 -423 441 442 -438
f 4 -424 -441 443 444
f 4 -427 445 446 -442
f 4 -428 -445 447 448
f 4 -431 449 450 -446
f 4 -432 -449 451 452
f 4 -434 -453 453 -450
f 4 -345 454 455 456
f 4 -347 457 458 459
f 4 -267 -457 460 -458
f 4 -126 461 462 463
f 4 -129 464 465 -462
f 4 -116 -460 466 467
f 4 -120 -464 468 -455
f 4 -108 469 470 471
f 4 -471 472 -456 473
f 4 474 475 -459 476
f 4 -112 477 -475 478
f 4 479 -477 -461 -473
f 4 -123 -479 -480 -470
f 4 -261 480 481 482
f 4 -482 483 -463 484
f 4 -337 485 486 487
f 4 -487 488 489 490
f 4 491 -491 -467 -476
f 4 -349 -488 -492 -478
f 4 -363 -472 492 -481
f 4 -493 -474 -469 -484
f 4 -18 493 -43 -387
f 3 -389 -73 -67
f 4 -117 494 -128 495
f 4 -295 496 -245 -494
f 3 -218 497 -497
f 4 -380 -74 -388 -42
f 4 -468 -490 -465 -495
f 4 -483 498 -486 499
f 4 -485 -466 -489 -499
f 4 -500 -336 -498 -262
f 4 -269 500 501 502
f 4 -346 503 504 -501
f 4 -344 -503 505 506
f 4 -114 507 508 -504
f 4 -118 -507 509 510
f 4 -496 511 512 -508
f 4 -124 -511 513 514
f 4 -127 -515 515 -512
f 4 516 517 -502 518
f 4 519 520 -517 521
f 4 522 523 -520 524
f 4 525 -519 -505 526
f 4 527 -522 -526 528
f 4 529 -525 -528 530
f 4 531 532 533 -524
f 4 -534 534 535 -521
f 4 -536 536 -506 -518
f 4 537 -527 -509 538
f 4 539 -529 -538 540
f 4 541 -531 -540 542
f 4 543 544 545 -533
f 4 -546 546 547 -535
f 4 -548 548 -510 -537
f 4 549 -539 -513 550
f 4 551 -541 -550 552
f 4 553 -543 -552 554
f 4 555 556 557 -545
f 4 -558 558 559 -547
f 4 -560 560 -514 -549
f 4 561 -551 -516 -561
f 4 562 -553 -562 -559
f 4 563 -555 -563 -557
f 3 -373 -22 -30
f 4 -371 -23 -372 -313
f 4 -394 -20 -369 -311
f 3 -24 -370 -19
f 4 -523 564 565 566
f 4 -530 567 568 -565
f 4 -532 -567 569 570
f 4 -542 571 572 -568
f 4 -544 -571 573 574
f 4 -554 575 576 -572
f 4 -556 -575 577 578
f 4 -564 -579 579 -576
f 4 580 581 -566 582
f 4 583 -583 -569 584
f 4 585 586 -570 -582
f 4 587 -585 -573 588
f 4 589 590 -574 -587
f 4 591 -589 -577 592
f 4 593 594 -578 -591
f 4 595 -593 -580 -595
f 4 -365 -302 -202 -258
f 4 -330 -203 -301 -173
f 4 -367 -289 -174 -300
f 3 -256 -329 -360
f 4 -374 -29 -377 -320
f 3 -340 -350 -111