14 7 33
0.049195558 -0.16418552 0.34858644 0.10158923 0.02778244 0.2883516
0.1380575 0.21692562 0.16511568 0.10583141 -0.26892471 0.25309521 0.15453914 -0.13941956 0.17003208
0.16055214 -0.060351372 0.065806776 0.079931617 -0.32040596 0.24187171 0.098040968 -0.27429771 0.14393955
0.023837537 -0.2499218 0.021089286 0.019103587 -0.17545128 0.36689037 -0.01582244 0.038431168 0.38714117
-0.005241096 0.24028587 0.26262319 0.04505533 -0.35963154 0.24761021 0.030807167 -0.33624077 0.1615226
-0.057620466 -0.28904057 0.066100478 0.090978146 -0.20232201 0.30290002 0.13816404 -0.046895981 0.22064173
0.17821628 0.095841408 0.11297408 0.048387438 -0.27000237 0.32606333 0.073693573 -0.32220459 0.27655333
0.06440258 -0.35041618 0.26803112 0.034123302 -0.26532173 0.33763903 0.046564758 -0.36673164 0.27265167
0.066043764 -0.29192829 0.30082685 -0.10304166 0.12250805 0.33084834 -0.093272045 -0.029388428 0.40856498
0.00039756298 -0.18968391 0.36780536 0.021437287 -0.26591492 0.34426379 0.038136333 -0.34754944 0.30125993
0.026027083 -0.36717796 0.2869429 0.0040013194 -0.37834358 0.26518053 -0.042190045 -0.35171032 0.19274333
-0.12812911 -0.3114481 0.11041662 -0.22863138 -0.24391747 0.05095014 -0.14793603 -0.23992157 -0.036941543
-0.04713586 -0.18435383 -0.10036713 0.10652298 -0.0087070465 -0.096767336 0.13316491 0.2209568 0.019495547
0.10170999 0.34536076 0.085450709 -0.0057382286 0.34027863 0.14509389 -0.091998488 0.24122143 0.22557223
12 22 0 31 13 0 13 12 0 32 14 0 14 13 0 34 14 0
22 20 0 20 19 0 23 18 0 19 23 0 18 0 0 10 25 0 10 11 0 11 24 0 11 39 0 3 15 0 15 23 0
19 3 0 0 15 0 15 16 0 16 1 0 1 0 0 16 17 0 17 2 0 2 1 0 17 37 0 38 2 0 6 3 0 20 6 0
6 7 0 7 4 0 4 3 0 7 8 0 8 5 0 5 4 0 8 35 0 36 5 0 6 12 0 13 7 0 14 8 0 1 10 0 2 11 0
4 16 0 5 17 0 0 9 0 26 9 0 9 10 0 30 12 0 28 22 0 28 19 0 28 21 0 29 22 0 9 21 0
27 21 0 28 18 0 18 21 0 24 40 0 25 24 0 26 25 0 26 27 0 28 27 0 28 29 0 30 29 0 30 31 0
32 31 0 33 32 0 33 34 0 34 35 0 35 36 0 36 37 0 37 38 0 39 38 0 39 40 0
f 4 -65 3 4 -2
f 4 -66 66 5 -4
f 4 -12 12 13 -58
f 4 -14 14 72 -57
f 4 15 16 -10 17
f 4 18 19 20 21
f 4 -21 22 23 24
f 4 -24 25 70 26
f 4 27 -18 -8 28
f 4 -28 29 30 31
f 4 -31 32 33 34
f 4 -34 35 68 36
f 4 37 -3 38 -30
f 4 -39 -5 39 -33
f 4 -40 -6 67 -36
f 4 -25 41 -13 -41
f 4 -27 -72 -15 -42
f 4 -29 -7 -1 -38
f 4 -32 42 -20 -16
f 4 -35 43 -23 -43
f 4 -37 69 -26 -44
f 4 -11 -9 -17 -19
f 4 -59 45 46 11
f 4 -22 40 -47 -45
f 4 -63 47 0 -52
f 4 -48 63 1 2
f 4 48 6 7 -50
f 4 8 -55 49 9
f 3 50 -54 -61
f 3 61 51 -49
f 4 44 52 -56 10
f 4 59 53 -53 -46
f 3 -51 54 55