10 5 17
0.10170999 0.34536076 0.085450709 0.03633523 0.34281921 -0.011259168
0.10652298 -0.0087070465 -0.096767336 -0.010630041 0.10278416 -0.20323443 -0.04713586 -0.18435383 -0.10036713
-0.15709019 -0.08866787 -0.21565954 -0.0057382286 0.34027863 0.14509389 -0.031585485 0.40213966 0.056787252
-0.2297855 -0.16535473 -0.099306002 -0.14793603 -0.23992157 -0.036941543 0.13316491 0.2209568 0.019495547
0.034130812 0.25728989 -0.12180556 -0.24223551 -0.092842102 -0.16487107 -0.29346985 -0.20294952 0.011708707
-0.31919008 -0.13515472 -0.10850507 -0.25880462 0.0029382706 -0.25246686 -0.26918018 -0.02528286 -0.21725903
-0.25402987 0.023898125 -0.26443776 -0.17112094 0.024317741 -0.24184331 -0.032688051 0.16256714 -0.24379449
-0.024442911 0.30668736 -0.14886877 -0.0113177 0.39122677 -0.034605086 -0.064355254 0.41267872 0.012891084
-0.085983306 0.42829132 0.027474076 -0.10369696 0.45197582 0.081001103 -0.099001512 0.38030624 0.12258506
-0.091998488 0.24122143 0.22557223 -0.22863138 -0.24391747 0.05095014
14 12 0 12 8 0 8 13 0 27 9 0 8 9 0 6 26 0
6 7 0 7 25 0 7 23 0 10 0 0 1 11 0 11 20 0 21 1 0 4 2 0 4 5 0 5 3 0 3 2 0 5 18 0 19 3 0
0 1 0 1 7 0 6 0 0 9 4 0 8 5 0 10 11 0 22 7 0 18 12 0 12 15 0 2 10 0 11 3 0 13 14 0
15 16 0 16 14 0 17 18 0 15 17 0 18 19 0 19 20 0 20 21 0 21 22 0 23 22 0 24 23 0 25 24 0
26 25 0 13 27 0
f 4 30 0 1 2
f 4 -44 -3 4 -4
f 4 -6 6 7 -43
f 4 -8 8 -41 -42
f 4 10 11 37 12
f 4 -14 14 15 16
f 4 -16 17 35 18
f 4 19 20 -7 21
f 4 -23 -5 23 -15
f 4 -10 24 -11 -20
f 4 -13 38 25 -21
f 4 33 26 27 34
f 4 -19 36 -12 29
f 4 -17 -30 -25 -29
f 3 -40 -9 -26
f 4 -24 -2 -27 -18
f 4 -32 -28 -1 -33