220 153 688
-0.085096538 -0.24387169 0.31711388 -0.14000797 -0.26971245 0.30410063
-0.11324874 -0.169981 0.35799247 -0.15877619 -0.22088146 0.35856831 -0.11318856 0.30415535 0.22425678
-0.35017347 0.18725395 0.3357771 -0.16683595 -0.24158955 0.1344924 -0.29668319 -0.15341568 0.13155335
-0.13891196 0.10703659 0.31412822 -0.26470149 0.010660172 0.386015 -0.14970283 -0.25125217 0.32744318
-0.09934856 -0.18271828 0.33477396 -0.21622196 0.065216064 0.20280915 -0.15956035 0.033725739 0.26866835
-0.34404224 -0.08373642 0.30525321 -0.10396419 -0.26461983 0.29713309 -0.13931528 -0.18333817 0.3724553
-0.22670041 0.28302479 0.31036884 -0.2193858 -0.25805473 0.14161959 -0.24880128 0.072263718 0.40078092
-0.10287306 -0.23698044 0.34446192 -0.14212483 -0.26819229 0.31063783 -0.10599868 -0.17599297 0.34666842
-0.15558751 0.19355297 0.21661249 -0.14880662 0.075264931 0.2927345 -0.32642752 -0.19911766 0.23379606
-0.15765683 -0.23871708 0.34216708 -0.09089309 -0.21412754 0.31029415 -0.15440665 -0.042324066 0.24474359
-0.30206069 -0.037174225 0.36076665 -0.09976542 -0.25173473 0.32456827 -0.11084732 -0.22583485 0.35238886
-0.11750604 -0.23845482 0.21767533 -0.13637675 -0.032626152 0.37134302 -0.22886458 -0.26396179 0.24971986
-0.19867681 -0.13207722 0.37858009 -0.11166501 -0.078652382 0.3122561 -0.26238871 -0.17123508 0.33835936
-0.17375909 -0.26890755 0.24544698 -0.17362526 -0.11166477 0.38987219 -0.095759675 -0.15353489 0.26373512
-0.24203061 -0.23361778 0.27173543 -0.11990567 -0.043587685 0.34355974 -0.24461076 -0.14683151 0.34246922
-0.081411123 -0.23818207 0.29440022 -0.11514035 -0.26630116 0.31947809 -0.10308658 -0.20763779 0.35073531
-0.12607379 -0.23137856 0.35060728 -0.11898926 -0.24176407 0.33220696 -0.095587179 -0.21513081 0.33816177
-0.099068925 -0.25664043 0.31782639 -0.11414477 -0.21907234 0.35128647 -0.11896925 -0.25577736 0.32812142
-0.099267945 -0.21125412 0.34448832 -0.12280478 -0.23777866 0.34300423 -0.089757115 -0.23096275 0.32728565
-0.24371746 -0.25004578 0.22371218 -0.27867097 -0.056725502 0.28361166 -0.30719605 -0.13131142 0.33300638
-0.26206169 -0.16969681 0.14186981 -0.2790772 -0.21360207 0.25525981 -0.13652569 0.022501945 0.33083153
-0.12748811 -0.22177219 0.18981111 -0.15358284 0.035714149 0.36358625 -0.12315828 -0.01406002 0.29926664
-0.20125058 -0.010782242 0.39614099 -0.12978353 -0.083681107 0.24018171 -0.29664192 -0.056326866 0.31980473
-0.276443 -0.044852257 0.24422914 -0.25900018 -0.019392967 0.3166877 -0.29690209 -0.035190582 0.30179083
-0.26299161 -0.092900276 0.28860694 -0.24069493 -0.079464912 0.29114974 -0.28385386 -0.076752663 0.31544316
-0.24371576 -0.026210785 0.30452162 -0.27664924 -0.10946083 0.3521083 -0.28227171 -0.1372633 0.10775191
-0.26334417 -0.25646687 0.15818754 -0.25364059 -0.1800518 0.144247 -0.19786623 -0.20510578 0.17069292
-0.27853811 -0.17311096 0.16496259 -0.25236094 -0.19920921 0.17251658 -0.27596292 -0.19010353 0.16308552
-0.19072878 -0.19896698 0.16580638 -0.27541214 -0.19127941 0.15346074 -0.2950899 -0.15140247 0.13076079
-0.2894921 -0.15875626 0.13876551 -0.29674977 -0.15331173 0.13884041 -0.28189656 -0.1568327 0.14678928
-0.29345769 -0.16610909 0.14269635 -0.29294455 -0.13106537 0.11558896 -0.26133415 -0.15030098 0.113244
-0.2868349 -0.13498116 0.10639581 -0.27799359 -0.12747097 0.11984888 -0.28852165 -0.13214684 0.11807334
-0.28053319 -0.12898254 0.11274123 -0.277163 -0.0572052 0.24507868 -0.28619695 -0.02984333 0.28434098
-0.26448494 -0.030495644 0.24361056 -0.27046064 -0.057889938 0.24260283 -0.26144719 -0.057600021 0.23675779
-0.25757006 -0.040058136 0.24230856 -0.28203228 -0.044697762 0.26874679 -0.2996707 -0.04248333 0.28344917
-0.29507062 -0.030270576 0.29084575 -0.29186141 -0.046017647 0.27514219 -0.30024371 -0.037284851 0.27476281
-0.27100587 -0.040905952 0.30710512 -0.12187257 -0.26900101 0.29813516 -0.14794266 -0.20133591 0.36316878
-0.24889246 0.0014181137 0.38732195 -0.11091612 -0.2373085 0.34194803 -0.2945044 0.24655342 0.305439
-0.25224319 -0.22962379 0.14700225 -0.11511534 -0.23462296 0.34396482 -0.10835719 -0.25654888 0.32227886
-0.19847912 -0.26448441 0.24379075 -0.18746716 -0.11516953 0.386186 -0.10622261 -0.26246071 0.31463659
-0.11976287 -0.22535992 0.35056335 -0.30296862 -0.14307213 0.12931427 -0.26812226 -0.04496479 0.22909901
-0.26725107 -0.045746803 0.32624549 -0.24538533 -0.083415985 0.29173219 -0.26616931 -0.17034054 0.17202196
-0.26842007 -0.18908119 0.14511934 -0.28892165 -0.15833473 0.14737236 -0.28681096 -0.16689682 0.13670167
-0.27418911 -0.03249836 0.247522 -0.26588118 -0.060308456 0.23995477 -0.15435721 -0.22704411 0.34648049
-0.28691882 -0.0016746521 0.36927104 -0.20122115 -0.14672852 0.35278124 -0.12487806 -0.23465443 0.34762597
-0.29517621 -0.032301903 0.26594269 -0.28338954 -0.026068687 0.3195678 -0.2743853 -0.087913513 0.3097344
-0.29600799 -0.056351662 0.27183211 -0.29211462 -0.030809402 0.28342128 -0.21420051 -0.2186203 0.14085478
-0.092155099 -0.25563526 0.2927891 -0.15307577 -0.25777721 0.25825745 -0.091560721 -0.25150681 0.31718194
-0.2866973 -0.13055229 0.11092946 -0.21448234 -0.19110298 0.18155614 -0.26249689 -0.16303921 0.12220538
-0.28577495 -0.13705158 0.10958874 -0.28415376 -0.12464714 0.11820728 -0.30142444 -0.038779259 0.34710866
-0.29095635 -0.07048893 0.33392012 -0.26760048 -0.016605377 0.35511911 -0.24231254 0.0071897507 0.36726135
-0.22665983 -0.021380424 0.36076331 -0.25429171 -0.014486313 0.36438507 -0.28236175 -0.012545586 0.34301543
-0.1253469 -0.24294281 0.20468709 -0.14722134 -0.00065803528 0.37278473 -0.11171837 -0.048366547 0.30488342
-0.18130292 -0.054351807 0.39272946 -0.12060879 -0.10161686 0.27285135 -0.26751325 -0.12927914 0.35158426
-0.23659527 -0.26043034 0.24312121 -0.2806741 -0.15444279 0.3298859 -0.27025598 -0.22512341 0.26783705
-0.12998086 -0.014241219 0.33726537 -0.20892684 -0.089878082 0.35943329
-0.22581699 -0.091188431 0.33687562 -0.22359478 -0.11073303 0.33571702
-0.23589486 -0.097570419 0.3294577 -0.26453227 -0.11586094 0.34628004 -0.27049702 -0.10345554 0.33375275
-0.19138646 -0.26813316 0.23270628 -0.2195867 -0.23713875 0.2056531 -0.14013961 -0.23811722 0.21271682
-0.16937466 -0.23417854 0.19481912 -0.22250578 -0.10520267 0.3515299 -0.22603326 -0.093411446 0.33437258
-0.21742657 -0.22756767 0.23325887 -0.24132057 -0.20737076 0.20239955 -0.25096732 -0.13444805 0.33169973
-0.25529009 -0.11776066 0.32081902 -0.16952318 -0.26251316 0.23927441 -0.19783267 -0.25359726 0.22011173
-0.23803321 -0.23721027 0.22855836 -0.25140175 -0.21577358 0.19621748 -0.24756147 -0.22740555 0.19013992
-0.27109551 -0.20482445 0.158427 -0.15768534 -0.22427273 0.18149149 -0.20368746 -0.19995975 0.13546076
-0.24291137 -0.19385433 0.14016405 -0.25637928 -0.21157074 0.1490666 -0.2488094 -0.18225765 0.13605502
-0.26344314 -0.03014946 0.28390634 -0.27102944 -0.044528008 0.28556281 -0.24962763 -0.028000832 0.2722823
-0.24538627 -0.061207771 0.25904006 -0.26706737 -0.066350937 0.27672666 -0.26908776 -0.06114006 0.27065361
-0.26619798 -0.036471367 0.28175032 -0.2623955 -0.075918198 0.27556938 -0.29461396 -0.059078217 0.32495749
-0.29858464 -0.033490181 0.32270032 -0.26688886 -0.031178474 0.33242047 -0.25147384 -0.015190125 0.33598375
-0.23457575 -0.022155762 0.33499748 -0.26077747 -0.028573036 0.34379119 -0.28332564 -0.015014648 0.33715016
-0.23510617 -0.083302498 0.3191008 -0.24146166 -0.094521523 0.31388265 -0.280563 -0.081832886 0.32203972
-0.23721111 -0.087457657 0.3184647 -0.2707206 -0.099384308 0.31892812 -0.30698186 -0.030982018 0.35673094
-0.26421013 -0.0054073334 0.36499316 -0.23942305 0.016616821 0.38196582 -0.21403183 -0.0072927475 0.37397403
-0.18191804 -0.096029282 0.3796373 -0.21320622 -0.12208271 0.36274058 -0.24741349 -0.12966347 0.34356713
-0.25242364 -0.0075569153 0.37105483 -0.19906257 -0.11225605 0.37264359 -0.28350019 -0.013009071 0.34936613
-0.21194099 -0.13535213 0.33854753 -0.28740081 -0.091341019 0.34784001 -0.20411107 -0.027345657 0.37972593
-0.26016173 -0.13254356 0.34395796 -0.089660078 -0.22149944 0.26964962 -0.12415726 -0.10479736 0.36637175
-0.10734411 -0.13217068 0.32728887 -0.1528099 -0.14435387 0.38170457 -0.089463383 -0.19123554 0.27975273
-0.20131613 -0.18842983 0.35381317 -0.18410033 -0.2632761 0.27422231 -0.17690605 -0.16980743 0.37172323
-0.21507204 -0.22285366 0.33776122 -0.1345458 -0.25982189 0.26310033 -0.19783598 -0.24831295 0.31739825
-0.11676948 -0.11853027 0.34698766 -0.1656355 -0.15391254 0.37842292 -0.15981244 -0.26316738 0.26821417
-0.19296926 -0.19130707 0.36426568 -0.11388342 -0.25673103 0.26459801 -0.2888152 -0.16899204 0.14638007
-0.2879177 -0.1784029 0.14189804 -0.28962642 -0.16626358 0.1499882 -0.27812386 -0.15991879 0.15292174
-0.26969668 -0.17145252 0.14943114 -0.26789957 -0.18165398 0.14853561 -0.28264728 -0.16013908 0.15618429
-0.27181876 -0.17394066 0.14514542 -0.27291542 -0.16160583 0.1226652 -0.26677713 -0.14677429 0.1149821
-0.27539343 -0.16081333 0.12470233 -0.26030439 -0.15364075 0.14200649 -0.23997416 -0.15495205 0.14424431
-0.23809458 -0.15865135 0.13635769 -0.27288559 -0.15777683 0.11286521 -0.25210971 -0.15324974 0.14664358
-0.27053678 -0.20172024 0.15980351 -0.2370993 -0.21927547 0.19834799 -0.18670355 -0.21974659 0.18643242
-0.253631 -0.18786812 0.18297586 -0.2091663 -0.24566364 0.19986704 -0.27490664 -0.17808628 0.16870388
-0.27299866 -0.1989994 0.16995212 -0.17975743 -0.21626854 0.17599419 -0.23292619 -0.16596317 0.12873292
-0.24500516 -0.19336224 0.14734298 -0.25845024 -0.20080566 0.14538744 -0.24794364 -0.17818451 0.13322133
-0.24088213 -0.24125576 0.20474747 -0.14290787 -0.22807789 0.18575829 -0.18420567 -0.2190609 0.14961722
-0.23247674 -0.21400642 0.15419671 -0.25653097 -0.21329594 0.14321178 -0.24837549 -0.19011784 0.12867793
-0.20267497 -0.24993801 0.22256866 -0.15166429 -0.23173714 0.20522043 -0.22958212 -0.22187519 0.22519463
-0.18481778 -0.25300217 0.23281276 -0.23763046 -0.22590637 0.21707743 -0.25601846 -0.2277317 0.16590121
-0.34317112 -0.18398666 0.12586218 -0.29567176 0.10756779 0.34327048 -0.17939104 -0.20469189 0.10176492
-0.12393424 0.19515419 0.30174154 -0.19137284 0.07016468 0.2474122 -0.4025453 -0.025119781 0.27660102
-0.25449434 -0.22254181 0.11522299 -0.24395341 0.18871403 0.36474001 -0.16299637 0.11880398 0.26819855
-0.37663138 -0.13040829 0.19520071 -0.1913569 -0.0044870377 0.2073094 -0.36291975 0.072952271 0.34369624
-0.27383375 0.13474464 0.37218535 -0.2913686 -0.19056416 0.11392882 -0.34441236 0.11462402 0.34694952
-0.23330265 -0.19667625 0.11545524 -0.30766153 0.072892189 0.33483481 -0.33555928 0.041181564 0.31991142
-0.32286972 -0.078601837 0.31855267 -0.2900109 -0.13558674 0.32335144 -0.26207402 -0.14559364 0.32766104
-0.24566647 -0.16602993 0.33617055 -0.20975858 -0.17375469 0.34455961 -0.19383703 -0.17693806 0.35695368
-0.17751771 -0.15794849 0.36339819 -0.16800907 -0.14631176 0.36885267 -0.15852472 -0.13895988 0.3686946
-0.15533867 -0.085898399 0.36793214 -0.1672262 -0.044007301 0.37324411 -0.17676184 0.00064659119 0.37151253
-0.18666928 0.061034203 0.36277038 -0.16123064 0.156744 0.30081016 -0.17894307 0.082261086 0.28556675
-0.18892668 0.043883324 0.2574296 -0.18336035 -0.028466225 0.21661595 -0.15366092 -0.10056305 0.21006271
-0.12721916 -0.1663332 0.22818321 -0.12055427 -0.19067955 0.23888612 -0.11709291 -0.21838474 0.24365199
-0.10836571 -0.22661877 0.24999511 -0.10352573 -0.23679352 0.26966196 -0.10329315 -0.24209023 0.28365302
-0.10751943 -0.25443459 0.28887862 -0.12577544 -0.25430298 0.29505056 -0.1522079 -0.25856304 0.29763687
-0.19390409 -0.24776459 0.2950508 -0.19150798 -0.24276257 0.29270655 -0.23740064 -0.19953346 0.28814173
-0.26350448 -0.17894459 0.29237932 -0.29087308 -0.15138721 0.30146509
-0.33130935 -0.1175375 0.27934492 -0.33866483 -0.14021301 0.22647971
-0.30808207 -0.17696285 0.14995372 -0.28160256 -0.19596004 0.090245992 -0.24800682 -0.17724133 0.084275633
-0.21195091 -0.1428709 0.086742401 -0.20999828 -0.00016498566 0.13620579 -0.20827474 -0.0011339188 0.19763559
-0.205722 0.06267643 0.22749609 -0.16449696 0.13270855 0.25485438 -0.13931713 0.21004772 0.27484822
-0.2313278 0.22260857 0.30772984 -0.27141374 0.15942287 0.3294785 -0.14398354 0.25938988 0.24750638
-0.17938626 0.13773251 0.23880047 -0.17505549 0.13778114 0.22307709 -0.20213613 0.022696495 0.15512046
-0.26226336 -0.19142246 0.28122479 -0.2835561 -0.18558788 0.26325965 -0.29210892 -0.17888451 0.25285858
-0.2690019 -0.21743774 0.2043274 -0.25350425 -0.22974586 0.18289113 -0.2652114 -0.21900082 0.17758214
-0.32916906 -0.06819725 0.29910922 -0.31322849 -0.10848713 0.3104915 -0.29206005 -0.14469433 0.3076008
-0.25571772 -0.17177486 0.34234864 -0.20690237 -0.20778942 0.34077656 -0.15674196 -0.24177551 0.33835149
-0.11012922 -0.23660946 0.33254808 -0.10480571 -0.24568367 0.33352405 -0.10454677 -0.21439552 0.3322069
-0.10622992 -0.18591976 0.32582915 -0.11854886 -0.16487122 0.31066126 -0.12191845 -0.13137341 0.28927982
-0.1230768 -0.13362789 0.27870578 -0.126026 -0.14620399 0.25909901 -0.12951571 -0.1293993 0.24360365
-0.1375767 -0.13388348 0.22004527 -0.12613745 -0.091706276 0.26609302 -0.13872151 -0.054650307 0.28131187
-0.1497182 -0.0084924698 0.29405564 -0.16173097 0.015307426 0.3216145 -0.16856422 0.056591988 0.35027879
-0.097369254 -0.23378944 0.25962234 -0.12635228 -0.24949265 0.25143319 -0.14998022 -0.25645733 0.23249912
-0.16460067 -0.25597858 0.22380418 -0.17735176 -0.24143314 0.20982489 -0.1930889 -0.22853184 0.19868478
-0.17161299 -0.083353996 0.38101977 -0.17254765 -0.067686081 0.37808013 -0.19163169 -0.054592133 0.36924887
-0.20601748 -0.056261063 0.34190995 -0.22185209 -0.052858353 0.31837952 -0.2356675 -0.056126595 0.29273695
-0.21829474 -0.16135883 0.34354359 -0.22118373 -0.15007782 0.32563043 -0.22019269 -0.14773369 0.32295758
-0.23559542 -0.12530136 0.327205 -0.24128869 -0.11275101 0.3185665 -0.24984324 -0.10577488 0.30503964
-0.31251749 0.076926231 0.36263633 -0.32198519 0.087028503 0.34189761 -0.31164181 0.11428165 0.34990627
-0.31999326 0.14170933 0.35028541 -0.28786287 0.12123299 0.35874784 -0.30044729 0.10525513 0.37609667
-0.32631505 -0.011671066 0.31719661 -0.33326566 0.03772068 0.36245114 -0.35088825 0.055499077 0.3268283
-0.28725195 0.19910049 0.33531946 -0.2679714 0.16424847 0.34798133 -0.3266668 -0.023216248 0.35002226
-0.32125616 -0.071131706 0.34391022 -0.32596141 -0.074226379 0.32202858 -0.32339734 -0.071018219 0.31570452
-0.3453882 -0.064453125 0.30634183 -0.20618823 0.24121284 0.28782928 -0.23072591 0.25101948 0.31556839
-0.23457173 0.22820759 0.32508546 -0.31467456 -0.010678291 0.36488682 -0.3039318 -0.02025032 0.37294126
-0.30663982 -0.031326294 0.3671174 -0.30013198 -0.044230461 0.3699097 -0.29169819 -0.11484051 0.3401469
-0.30140373 -0.12471676 0.33583748 -0.32167038 -0.11185455 0.32226062 -0.33018589 -0.098425865 0.31583107
-0.14323102 0.2185421 0.27326602 -0.12797798 0.2233305 0.27757698 -0.13605647 0.26643276 0.23455614
-0.14572251 0.24211025 0.25849408 -0.24939963 -0.16545773 0.33833665 -0.27123398 -0.13378334 0.3442058
-0.27535337 -0.14162159 0.3371222 -0.30542347 -0.14882183 0.31858581 -0.30169198 -0.14943218 0.31062895
-0.16588047 0.12100697 0.24816871 -0.15863676 0.12063694 0.25698501 -0.17428641 0.14529705 0.23282087
-0.17053552 0.13099766 0.23894203 -0.25406602 -0.15552998 0.34845263 -0.24221075 -0.17022514 0.34221411
-0.24382998 -0.17372131 0.33954269 -0.26103258 -0.16826344 0.34281307 -0.29010034 -0.17771339 0.30461794
-0.27515119 -0.17971611 0.30526149 -0.27388525 -0.19178772 0.29607439 -0.19800095 0.065710068 0.21773499
-0.1951987 0.073209763 0.22799781 -0.18029274 0.15574265 0.22014645 -0.18483184 0.11343002 0.22111329
-0.20017947 -0.16531277 0.3520996 -0.22079995 -0.17069626 0.34230244 -0.2105487 -0.18118286 0.3562485
-0.20838238 -0.20440483 0.34396142 -0.21297975 -0.21539593 0.34259945 -0.26020882 -0.20378208 0.29319465
-0.24967265 -0.20157051 0.30292368 -0.24512918 -0.21904469 0.28686053 -0.30062979 -0.16802883 0.29875797
-0.30120617 -0.15666389 0.30625772 -0.20287849 -0.0017375946 0.18048164 -0.19920772 -0.0050630569 0.19800308
-0.19824283 -0.15181541 0.35993153 -0.19361092 -0.17752266 0.35816514 -0.22585681 -0.15928078 0.34333366
-0.20690742 -0.1533947 0.35037726 -0.15561654 -0.241745 0.33818716 -0.15400425 -0.24529171 0.33542216
-0.19813298 -0.25716877 0.30158561 -0.2066129 -0.2519455 0.2837224 -0.27201593 -0.20864487 0.28220505
-0.27167356 -0.19444656 0.28946173 -0.3361935 -0.14763451 0.27589828 -0.34561989 -0.11363411 0.28975743
-0.20001146 -0.056541443 0.12316757 -0.21643326 -0.13320541 0.071730673 -0.20350653 -0.16096973 0.082008928
-0.20298587 0.018323898 0.15115806 -0.21230029 0.042093277 0.18079853 -0.18785118 -0.14832497 0.37468332
-0.18046425 -0.17024517 0.37089777 -0.2334021 -0.15083313 0.33671647 -0.21751502 -0.13931942 0.33842564
-0.12006757 -0.24421501 0.33688128 -0.1168934 -0.24608612 0.33533543 -0.11829579 -0.25517559 0.32888699
-0.12718001 -0.24728966 0.33371377 -0.18892987 -0.24591351 0.30190861 -0.19040433 -0.25939465 0.28417206
-0.28033951 -0.20332623 0.26330405 -0.29514092 -0.18155384 0.27928418 -0.3496553 -0.15678787 0.22572201
-0.35720906 -0.145895 0.21784163 -0.25038192 -0.1753912 0.078051865 -0.24184206 -0.18918896 0.08595556
-0.2132057 -5.4359436e-005 0.16560215 -0.20751426 -0.0035667419 0.13004461 -0.17577159 -0.1346302 0.38058728
-0.16958447 -0.15001965 0.37935108 -0.23509285 -0.13823891 0.33398777 -0.21697313 -0.13703251 0.33647877
-0.11058021 -0.24759674 0.33391571 -0.10932598 -0.25425148 0.32832807
-0.14912178 -0.2706213 0.29741859 -0.15864657 -0.27148056 0.28294915
-0.28538102 -0.20569515 0.2511887 -0.31096205 -0.18866539 0.2479502 -0.30533299 -0.20509243 0.14716443
-0.31838313 -0.19034958 0.14077297 -0.28608975 -0.20511532 0.078914851 -0.27280837 -0.2172308 0.084882051
-0.16509971 -0.12330437 0.38530976 -0.15937394 -0.13120937 0.3832022 -0.24378893 -0.12841606 0.33269745
-0.2246618 -0.11326981 0.3316921 -0.10247332 -0.24581146 0.33486629 -0.10015172 -0.2510767 0.32801324
-0.12564263 -0.26835537 0.29669207 -0.13508733 -0.27249908 0.28526634 -0.25668162 -0.23723125 0.20989493
-0.26238194 -0.2398243 0.1855602 -0.28120738 -0.20565891 0.11703333 -0.27769402 -0.20585346 0.10886928
-0.3045392 -0.19362259 0.094713032 -0.30372834 -0.19429016 0.10898265 -0.15771852 -0.081490517 0.38366377
-0.14845896 -0.062784195 0.37697548 -0.25163683 -0.11730289 0.32312757 -0.23795155 -0.1014328 0.32452971
-0.094323859 -0.22041798 0.33317715 -0.090389758 -0.22947788 0.32860172 -0.10694748 -0.26392746 0.2952677
-0.11481909 -0.27052498 0.27903485 -0.25057036 -0.23101139 0.19127896 -0.26537818 -0.22041416 0.168042
-0.16407636 -0.050762177 0.38766962 -0.16573131 -0.034416199 0.38744414 -0.15896131 -0.023778915 0.37827122
-0.25567937 -0.10126114 0.30902439 -0.24690321 -0.094905853 0.31060499 -0.098818153 -0.18877602 0.32907134
-0.097775176 -0.2010498 0.32348853 -0.095518842 -0.24419785 0.28212398 -0.10291389 -0.25753307 0.26846272
-0.2558099 -0.21808529 0.18104079 -0.26100993 -0.22128487 0.17013997 -0.17631817 0.012383461 0.38462925
-0.16693661 0.018867493 0.37402695 -0.17872988 -0.083949089 0.39453709 -0.17884812 -0.068631172 0.39398372
-0.2757121 -0.084668159 0.29837781 -0.27203736 -0.086088181 0.28714216 -0.26870361 -0.07433033 0.27913767
-0.26374128 -0.078288078 0.27931011 -0.25622049 -0.077377319 0.28193748 -0.25382996 -0.084593773 0.29140836
-0.10672712 -0.14936543 0.31367487 -0.10276964 -0.17126465 0.3031984 -0.093812376 -0.23640347 0.26404727
-0.10184054 -0.25338745 0.25852841 -0.27440402 -0.18723583 0.17188787 -0.27440023 -0.19019604 0.16733909
-0.2726599 -0.19096947 0.16308138 -0.27547038 -0.19595146 0.16189131 -0.17142819 0.060209274 0.36905575
-0.19302598 0.06507206 0.37964183 -0.17831078 0.083304405 0.363253 -0.18639986 -0.084135056 0.38238174
-0.1922556 -0.056239128 0.37968117 -0.1120023 -0.11114597 0.29367888 -0.10924937 -0.14080906 0.27925539
-0.097927079 -0.23363209 0.26001751 -0.11632249 -0.24212646 0.23782989 -0.1079703 -0.25704002 0.25296843
-0.13352333 0.19299126 0.29613119 -0.16195488 0.14303684 0.3077476 -0.15508947 0.066497803 0.33410096
-0.15763001 0.058664322 0.35515541 -0.20572822 -0.077436447 0.37031108 -0.20568402 -0.048921585 0.3717736
-0.11428656 -0.12192059 0.2733441 -0.10975812 -0.14681435 0.26951009 -0.095402151 -0.22673225 0.25539607
-0.10584731 -0.23150253 0.23768377 -0.1281191 -0.25658417 0.23601341 -0.13361104 -0.27073479 0.24469346
-0.16709395 0.10707474 0.28157061 -0.15704568 0.085232735 0.28370422 -0.15298492 0.024116516 0.30338216
-0.1515402 0.024668694 0.32600391 -0.22728691 -0.072068214 0.34666389 -0.22682148 -0.053020477 0.35136914
-0.11952847 -0.12573051 0.25376105 -0.1187557 -0.11750126 0.26255041 -0.10870208 -0.16332054 0.24516654
-0.10213484 -0.19738197 0.24849808 -0.11057459 -0.22458744 0.23426467 -0.1507785 -0.26109409 0.22361991
-0.1613154 -0.27233505 0.23230615 -0.19133526 0.062174797 0.254269 -0.17449781 0.044187546 0.25539398
-0.14796004 -0.003818512 0.29084432 -0.13820979 -0.0058298111 0.2979157 -0.23260102 -0.071208 0.32227701
-0.23215145 -0.052641869 0.32521868 -0.12195249 -0.11696148 0.2452231 -0.12026265 -0.15015888 0.23720875
-0.12222487 -0.099849701 0.26522523 -0.12512489 -0.098487854 0.25435102 -0.10977153 -0.17819405 0.2376124
-0.11592515 -0.2016592 0.22746694 -0.16294543 -0.25601673 0.21234632 -0.17367947 -0.26531601 0.2222355
-0.18820335 -0.023088455 0.2147671 -0.1792203 -0.022845268 0.22259197 -0.13063209 -0.070785522 0.26930499
-0.13077918 -0.047158241 0.28472072 -0.2400014 -0.068351746 0.29391074 -0.24225768 -0.053119659 0.29762173
-0.13209042 -0.12532711 0.22290578 -0.13073578 -0.13880825 0.2173816 -0.12689745 -0.14532471 0.22421509
-0.12175609 -0.16159534 0.23147008 -0.1208749 -0.17963791 0.21725428 -0.17990394 -0.24965954 0.20147985
-0.18945898 -0.25749302 0.2127682 -0.15351905 -0.13979816 0.19793782 -0.15286838 -0.087719917 0.22239012
-0.25016674 -0.068682671 0.27352601 -0.25394452 -0.067436218 0.2696842 -0.25350019 -0.052606583 0.26158226
-0.25071073 -0.054169655 0.26669937 -0.19372162 -0.2376709 0.18997097 -0.20453851 -0.24451256 0.19433483
-0.2095 -0.20370865 0.16976932 -0.22381526 -0.18249798 0.16349635 -0.22954649 -0.19671917 0.17187545
-0.21605746 -0.20443344 0.17968687 -0.35048869 0.14130211 0.32208931 -0.35113573 0.13463688 0.31454211
-0.35841122 0.085752487 0.30821449 -0.36740237 0.0018835068 0.24315268 -0.36166489 -0.099925995 0.18356967
-0.2064375 0.065471649 0.21082717 -0.14078076 -0.06515789 0.24225479 -0.15643378 -0.16193485 0.18417999
-0.099459887 -0.17892265 0.25492853 -0.11566204 -0.071850777 0.29073626 -0.2927835 -0.0080718994 0.37055022
-0.36773315 -0.059949875 0.29378921 -0.35015079 -0.1768198 0.11724582 -0.27467975 -0.1835146 0.16809541
-0.22892001 -0.17721558 0.16047424 -0.12028265 -0.23674393 0.343319 -0.28031909 -0.069300652 0.28218573
-0.2655001 -0.071971893 0.27794969 -0.25581437 -0.069311142 0.27098924
140 226 0 226 44 0 44 140 0 55 30 0 30 142 0 142 0 0
0 55 0 226 230 0 230 27 0 27 44 0 21 482 0 482 498 0 498 1 0 1 21 0 227 229 0 229 16 0
16 2 0 2 227 0 470 488 0 423 432 0 432 23 0 23 4 0 4 423 0 282 291 0 291 637 0 637 645 0
645 282 0 397 403 0 403 112 0 112 5 0 5 397 0 17 4 0 633 5 0 133 54 0 54 648 0 648 47 0
47 133 0 22 237 0 237 227 0 2 22 0 138 134 0 134 102 0 102 97 0 97 138 0 491 470 0
633 396 0 396 397 0 127 120 0 120 89 0 89 7 0 7 127 0 118 115 0 115 52 0 52 45 0
45 118 0 109 238 0 238 233 0 233 3 0 3 109 0 518 645 0 17 411 0 411 423 0 51 31 0
31 53 0 53 46 0 46 51 0 510 524 0 524 49 0 49 20 0 20 510 0 535 551 0 551 228 0 228 11 0
11 535 0 468 420 0 420 14 0 14 468 0 444 433 0 433 638 0 638 12 0 12 444 0 12 473 0
31 114 0 114 111 0 111 20 0 20 31 0 24 583 0 583 596 0 596 13 0 13 24 0 462 449 0
449 234 0 234 10 0 10 462 0 28 609 0 609 595 0 595 13 0 13 28 0 409 402 0 402 644 0
644 14 0 14 409 0 480 497 0 497 361 0 361 48 0 48 480 0 49 53 0 95 143 0 143 146 0
146 76 0 76 95 0 66 600 0 600 614 0 614 639 0 639 66 0 515 501 0 501 25 0 25 77 0
77 515 0 65 541 0 541 560 0 560 19 0 19 65 0 571 583 0 24 8 0 8 571 0 233 240 0 240 130 0
130 3 0 498 512 0 512 108 0 108 1 0 96 121 0 121 128 0 128 68 0 68 96 0 596 639 0
639 28 0 234 236 0 236 21 0 21 10 0 228 237 0 22 11 0 420 409 0 142 140 0 44 0 0
50 118 0 118 108 0 108 15 0 15 50 0 52 21 0 1 45 0 52 481 0 481 10 0 481 462 0 133 130 0
130 26 0 26 54 0 47 119 0 119 109 0 3 47 0 46 2 0 16 51 0 53 22 0 49 11 0 524 535 0
27 55 0 134 137 0 137 105 0 105 102 0 120 126 0 126 87 0
87 89 0 162 439 0 439 451 0 451 37 0 37 162 0 157 164 0 164 42 0 42 36 0 36 157 0
90 143 0 143 147 0 147 94 0 94 90 0 155 605 0 605 591 0 591 32 0 32 155 0 163 161 0
161 34 0 34 41 0 41 163 0 156 532 0 532 521 0 521 33 0 33 156 0 164 156 0 33 42 0
101 121 0 121 129 0 129 100 0 100 101 0 576 565 0 565 40 0 40 576 0 160 426 0 426 434 0
434 43 0 43 160 0 223 416 0 416 75 0 75 223 0 415 414 0 414 29 0 29 415 0 213 219 0
219 110 0 110 9 0 9 213 0 214 215 0 215 65 0 19 214 0 215 224 0 224 158 0 158 65 0
216 220 0 220 117 0 117 39 0 39 216 0 217 222 0 222 132 0 132 35 0 35 217 0 218 225 0
225 160 0 43 218 0 281 529 0 529 515 0 77 281 0 270 280 0 280 56 0 56 270 0 183 177 0
177 116 0 116 34 0 34 183 0 171 181 0 181 141 0 141 38 0 38 171 0 173 155 0 32 173 0
271 272 0 272 6 0 6 62 0 62 271 0 272 275 0 275 139 0 139 6 0 273 274 0 274 113 0
113 18 0 18 273 0 243 242 0 242 82 0 82 84 0 84 243 0 242 244 0 244 80 0 80 82 0
244 248 0 248 124 0 124 80 0 245 246 0 246 59 0 59 81 0 81 245 0 246 247 0 247 78 0
78 59 0 247 249 0 249 125 0 125 78 0 251 256 0 256 145 0 145 91 0 91 251 0 250 252 0
252 59 0 78 250 0 252 253 0 253 81 0 253 257 0 257 647 0 647 81 0 254 255 0 255 83 0
83 79 0 79 254 0 255 251 0 91 83 0 193 198 0 198 122 0 122 107 0 107 193 0 192 194 0
194 74 0 74 69 0 69 192 0 194 626 0 626 613 0 613 74 0 623 624 0 624 651 0 651 72 0
72 623 0 548 547 0 547 71 0 71 548 0 197 193 0 107 57 0 57 197 0 102 57 0 107 97 0
105 649 0 649 57 0 546 545 0 545 71 0 71 546 0 106 103 0 103 67 0
67 73 0 73 106 0 103 104 0 104 70 0 70 67 0 104 138 0
138 135 0 135 70 0 403 411 0 17 112 0 119 114 0 51 119 0 127 86 0 86 85 0 85 120 0
50 30 0 30 115 0 117 492 0 492 506 0 506 39 0 113 288 0 288 18 0 479 478 0 478 48 0
48 479 0 111 496 0 496 510 0 512 526 0 526 15 0 101 98 0 98 128 0 16 109 0 85 88 0
88 126 0 96 99 0 99 129 0 219 214 0 19 110 0 220 217 0 35 117 0 177 171 0 38 116 0
274 281 0 77 113 0 248 245 0 81 124 0 249 243 0 84 125 0 198 192 0 69 122 0 549 548 0
71 549 0 103 134 0 414 413 0 413 29 0 240 231 0 231 26 0 106 137 0 131 221 0 221 213 0
9 131 0 459 476 0 476 218 0 43 459 0 136 137 0 73 136 0 107 135 0 141 241 0 241 235 0
235 38 0 488 504 0 90 92 0 92 146 0 142 50 0 15 140 0 95 93 0 93 147 0 579 592 0
592 173 0 32 579 0 275 273 0 18 139 0 256 250 0 78 145 0 629 630 0 630 647 0 647 79 0
79 629 0 201 200 0 200 67 0 70 201 0 206 201 0 135 206 0 205 202 0 202 107 0 122 205 0
204 203 0 203 69 0 74 204 0 203 205 0 202 206 0 163 465 0 465 484 0 484 60 0 60 163 0
157 64 0 64 61 0 61 164 0 603 587 0 587 600 0 66 603 0 60 56 0 56 161 0 158 531 0
531 541 0 61 63 0 63 156 0 157 642 0 642 611 0 611 64 0 162 427 0 427 418 0 418 58 0
58 162 0 175 165 0 165 166 0 166 176 0 176 175 0 210 207 0 207 72 0 72 123 0 123 210 0
179 508 0 508 522 0 522 180 0 180 179 0 211 533 0 533 545 0 545 136 0 136 211 0 279 276 0
276 172 0 172 182 0 182 279 0 632 631 0 631 144 0 144 632 0 167 175 0 176 168 0 168 167 0
550 549 0 71 550 0 276 278 0 278 178 0 178 172 0 259 261 0 261 124 0 81 259 0 169 179 0
180 170 0 170 169 0 209 211 0 73 209 0 277 606 0 606 619 0 619 174 0
174 277 0 260 627 0 627 629 0 79 260 0 543 562 0 562 216 0
39 543 0 225 223 0 75 160 0 200 209 0 207 598 0 598 612 0 612 72 0 278 280 0 280 184 0
184 178 0 161 183 0 261 263 0 263 80 0 557 558 0 558 258 0 258 82 0 82 557 0 266 265 0
265 83 0 91 266 0 269 266 0 145 269 0 268 267 0 267 78 0 125 268 0 258 268 0 84 258 0
267 269 0 263 646 0 646 82 0 265 260 0 193 68 0 128 198 0 192 98 0 101 194 0 625 626 0
194 100 0 100 625 0 199 651 0 651 100 0 129 199 0 197 196 0 196 99 0 96 197 0 196 199 0
201 148 0 148 149 0 149 200 0 206 154 0 154 148 0 205 153 0 153 150 0 150 202 0 204 152 0
152 151 0 151 203 0 151 153 0 150 154 0 210 176 0 166 207 0 208 534 0 534 523 0 523 168 0
168 208 0 210 208 0 209 170 0 180 211 0 149 170 0 204 599 0 599 586 0 586 152 0 212 223 0
223 149 0 148 212 0 221 212 0 154 221 0 213 150 0 153 219 0 214 151 0 152 215 0 573 585 0
585 166 0 165 573 0 216 165 0 175 220 0 494 508 0 179 494 0 218 169 0 169 225 0 167 217 0
218 179 0 562 573 0 223 170 0 578 567 0 567 579 0 32 578 0 226 641 0 641 40 0 40 230 0
232 483 0 483 34 0 34 232 0 506 520 0 520 39 0 237 42 0 33 227 0 474 492 0 35 474 0
551 564 0 564 36 0 36 228 0 449 437 0 437 37 0 37 234 0 457 474 0 132 457 0 239 232 0
116 239 0 464 452 0 452 41 0 41 464 0 229 238 0 235 239 0 446 459 0 43 446 0 526 537 0
537 140 0 155 271 0 62 155 0 243 7 0 89 242 0 87 244 0 126 248 0 245 88 0 85 246 0
86 247 0 127 249 0 251 76 0 146 256 0 250 92 0 90 252 0 94 253 0 147 257 0 254 93 0
95 255 0 254 257 0 259 262 0 262 182 0 172 259 0 178 261 0 262 628 0 628 620 0 620 182 0
184 263 0 558 540 0 540 186 0 186 258 0 266 188 0 188 187 0 187 265 0
269 191 0 191 188 0 268 190 0 190 189 0 189 267 0 186 190 0
189 191 0 555 556 0 556 646 0 646 185 0 185 555 0 187 174 0 174 260 0 270 528 0 528 539 0
539 185 0 185 270 0 185 184 0 271 187 0 188 272 0 191 275 0 273 189 0 190 274 0 186 281 0
279 181 0 171 276 0 177 278 0 279 607 0 607 593 0 593 181 0 183 280 0 271 277 0 297 284 0
284 6 0 139 297 0 582 570 0 570 8 0 24 582 0 486 502 0 502 77 0 25 486 0 294 398 0
398 110 0 110 294 0 284 640 0 640 6 0 399 394 0 394 131 0 9 399 0 502 516 0 516 113 0
570 561 0 561 8 0 595 582 0 287 291 0 291 487 0 487 644 0 644 287 0 441 455 0 455 490 0
490 638 0 638 441 0 289 294 0 19 289 0 504 518 0 288 297 0 395 396 0 396 296 0 296 395 0
402 395 0 296 293 0 293 402 0 413 405 0 405 300 0 300 29 0 406 417 0 417 75 0 416 406 0
417 426 0 437 427 0 434 446 0 458 447 0 447 231 0 240 458 0 475 458 0 233 475 0 493 475 0
238 493 0 507 493 0 229 507 0 521 227 0 520 530 0 530 543 0 542 532 0 63 542 0 561 571 0
560 289 0 569 581 0 581 290 0 290 285 0 285 569 0 581 594 0 594 286 0 286 290 0 594 608 0
608 292 0 292 286 0 622 609 0 28 622 0 621 615 0 615 618 0 618 640 0 640 621 0 618 605 0
62 618 0 590 604 0 604 589 0 589 641 0 641 590 0 591 578 0 553 566 0 566 577 0 577 226 0
226 553 0 554 538 0 538 241 0 241 554 0 538 527 0 527 235 0 527 513 0 513 239 0 513 499 0
499 232 0 499 483 0 463 482 0 482 236 0 236 463 0 451 234 0 452 465 0 428 439 0 58 428 0
484 500 0 500 60 0 467 486 0 25 467 0 503 487 0 282 503 0 519 503 0 282 519 0 517 505 0
505 288 0 288 517 0 505 489 0 489 297 0 489 471 0 471 284 0 471 456 0 456 292 0 292 284 0
490 469 0 469 337 0 337 338 0 338 490 0 456 442 0 442 286 0 442 431 0
431 290 0 431 422 0 422 285 0 422 412 0 412 289 0 289 285 0
412 404 0 404 294 0 404 398 0 410 424 0 424 345 0 345 343 0 343 410 0 430 421 0 421 342 0
342 341 0 341 430 0 432 443 0 443 23 0 472 491 0 450 466 0 466 349 0 349 329 0 329 450 0
453 440 0 440 330 0 330 331 0 331 453 0 501 485 0 485 467 0 500 514 0 514 56 0 514 528 0
540 529 0 539 555 0 400 408 0 408 407 0 407 400 0 407 418 0 418 301 0 301 300 0 300 407 0
419 428 0 58 419 0 330 438 0 438 454 0 454 331 0 425 436 0 436 435 0 435 425 0 435 447 0
447 304 0 304 303 0 303 435 0 448 461 0 461 26 0 231 448 0 461 478 0 478 54 0 479 496 0
111 479 0 511 497 0 497 115 0 30 511 0 525 511 0 55 525 0 536 525 0 27 536 0 552 536 0
230 552 0 565 552 0 564 642 0 575 588 0 588 159 0 159 575 0 617 604 0 604 319 0 319 318 0
318 617 0 370 616 0 616 617 0 318 370 0 588 602 0 602 159 0 610 603 0 66 610 0 611 597 0
597 64 0 597 584 0 584 61 0 584 572 0 572 63 0 572 559 0 559 542 0 634 635 0 635 293 0
296 634 0 635 636 0 636 287 0 287 293 0 636 637 0 580 241 0 141 580 0 593 580 0 592 606 0
277 173 0 620 607 0 619 627 0 632 628 0 262 632 0 544 531 0 158 544 0 563 544 0 224 563 0
574 563 0 224 574 0 586 574 0 574 152 0 585 598 0 613 599 0 612 623 0 460 445 0 445 457 0
132 460 0 477 460 0 222 477 0 495 477 0 222 495 0 509 495 0 222 167 0 167 509 0 523 509 0
522 533 0 550 534 0 208 550 0 396 283 0 283 397 0 399 398 0 398 283 0 283 399 0 414 643 0
643 401 0 401 413 0 415 212 0 212 643 0 416 415 0 29 416 0 479 648 0 481 480 0 48 481 0
517 516 0 516 295 0 295 517 0 519 518 0 518 295 0 295 519 0 546 649 0 649 136 0 547 546 0
548 650 0 650 57 0 57 547 0 549 123 0 123 650 0 208 123 0 555 264 0
264 556 0 557 556 0 264 557 0 264 558 0 623 195 0 195 624 0
625 624 0 195 625 0 195 626 0 629 144 0 144 630 0 631 630 0 262 81 0 81 631 0 634 633 0
395 298 0 298 283 0 298 394 0 402 299 0 299 298 0 401 394 0 299 401 0 404 344 0 344 283 0
344 403 0 405 401 0 299 300 0 299 400 0 299 355 0 355 408 0 409 355 0 412 343 0 343 344 0
343 411 0 300 406 0 301 417 0 408 58 0 419 408 0 355 356 0 356 419 0 420 356 0 422 342 0
342 343 0 421 410 0 421 424 0 345 423 0 301 302 0 302 426 0 427 302 0 356 357 0 357 428 0
420 429 0 429 357 0 431 341 0 430 433 0 433 424 0 433 346 0 346 345 0 346 432 0 302 425 0
303 302 0 303 434 0 302 358 0 358 436 0 437 358 0 429 438 0 330 357 0 330 439 0 442 340 0
340 341 0 441 430 0 340 441 0 346 347 0 347 443 0 444 347 0 304 446 0 447 448 0 448 436 0
358 359 0 359 448 0 449 359 0 440 450 0 329 330 0 329 451 0 429 454 0 453 485 0 485 466 0
466 440 0 456 339 0 339 340 0 339 455 0 458 305 0 305 304 0 445 304 0 305 457 0 460 388 0
388 304 0 388 459 0 359 360 0 360 461 0 462 360 0 463 451 0 329 328 0 328 463 0 464 328 0
329 452 0 349 465 0 467 453 0 331 332 0 332 467 0 454 468 0 468 332 0 469 455 0 339 337 0
471 337 0 475 306 0 306 305 0 306 474 0 477 389 0 389 388 0 389 476 0 360 48 0 328 327 0
327 482 0 464 483 0 483 327 0 485 350 0 350 349 0 350 484 0 332 333 0 333 486 0 468 487 0
487 333 0 489 336 0 336 337 0 470 337 0 336 488 0 491 338 0 472 348 0 348 338 0 473 490 0
348 473 0 493 307 0 307 306 0 307 492 0 495 390 0 390 389 0 494 476 0 390 494 0 361 496 0
480 52 0 499 326 0 326 327 0 326 498 0 501 351 0 351 350 0 351 500 0 503 334 0 334 333 0
334 502 0 505 335 0 335 336 0 335 504 0 507 308 0 308 307 0 308 506 0
509 391 0 391 390 0 391 508 0 511 362 0 362 361 0 362 510 0
513 325 0 325 326 0 325 512 0 351 352 0 352 514 0 515 352 0 295 334 0 295 335 0 507 521 0
521 309 0 309 308 0 309 520 0 523 392 0 392 391 0 392 522 0 525 363 0 363 362 0 363 524 0
527 324 0 324 325 0 324 526 0 352 353 0 353 528 0 529 353 0 310 530 0 309 310 0 532 310 0
392 393 0 393 533 0 534 393 0 536 364 0 364 363 0 364 535 0 538 323 0 323 324 0 323 537 0
540 354 0 354 353 0 354 539 0 542 311 0 311 310 0 531 310 0 311 541 0 544 382 0 382 310 0
382 543 0 71 393 0 552 365 0 365 364 0 365 551 0 554 322 0 322 323 0 553 537 0 322 553 0
354 264 0 559 312 0 312 311 0 312 560 0 563 383 0 383 382 0 383 562 0 565 366 0 366 365 0
366 564 0 376 566 0 322 376 0 554 568 0 568 376 0 569 560 0 312 313 0 313 569 0 570 313 0
312 561 0 572 375 0 375 312 0 375 571 0 574 384 0 384 383 0 384 573 0 575 564 0 366 367 0
367 575 0 576 367 0 376 321 0 321 577 0 376 567 0 578 321 0 568 580 0 580 377 0 377 376 0
377 579 0 313 314 0 314 581 0 582 314 0 584 374 0 374 375 0 374 583 0 586 385 0 385 384 0
385 585 0 367 368 0 368 588 0 576 589 0 589 368 0 591 320 0 320 321 0 590 577 0 320 590 0
593 378 0 378 377 0 378 592 0 314 315 0 315 594 0 595 315 0 597 373 0 373 374 0 373 596 0
385 386 0 386 598 0 599 386 0 589 601 0 601 369 0 369 368 0 587 368 0 369 600 0 368 371 0
371 602 0 603 371 0 320 319 0 605 319 0 378 379 0 379 606 0 607 379 0 315 316 0 316 608 0
609 316 0 611 372 0 372 373 0 610 596 0 372 610 0 613 387 0 387 386 0 387 612 0 601 616 0
370 369 0 370 614 0 372 371 0 611 602 0 618 318 0 617 601 0 620 380 0 380 379 0 380 619 0
622 317 0 317 316 0 621 608 0 317 621 0 387 195 0 370 615 0 317 370 0
622 614 0 380 381 0 381 627 0 628 381 0 144 381 0 608 284 0
159 642 0 643 131 0 114 648 0 650 196 0 123 199 0
f 3 0 1 2
f 4 3 4 5 6
f 4 7 8 9 -2
f 4 10 11 12 13
f 4 14 15 16 17
f 4 19 20 21 22
f 4 23 24 25 26
f 4 27 28 29 30
f 4 33 34 35 36
f 4 37 38 -18 39
f 4 40 41 42 43
f 4 45 46 -31 -33
f 4 47 48 49 50
f 4 51 52 53 54
f 4 55 56 57 58
f 4 60 61 -23 -32
f 4 62 63 64 65
f 4 66 67 68 69
f 4 70 71 72 73
f 3 74 75 76
f 4 77 78 79 80
f 4 82 83 84 85
f 4 86 87 88 89
f 4 90 91 92 93
f 4 94 95 96 97
f 4 98 99 100 101
f 4 102 103 104 105
f 4 -64 -86 -69 106
f 4 107 108 109 110
f 4 111 112 113 114
f 4 115 116 117 118
f 4 119 120 121 122
f 4 123 -87 124 125
f 4 126 127 128 -58
f 4 129 130 131 -13
f 4 132 133 134 135
f 4 136 137 -98 -89
f 4 138 139 140 -93
f 4 141 -38 142 -73
f 3 143 -102 -76
f 4 -6 144 -3 145
f 4 146 147 148 149
f 4 -54 150 -14 151
f 4 152 153 -141 -151
f 3 154 -94 -154
f 4 -34 155 156 157
f 4 158 159 -59 160
f 4 -66 161 -17 162
f 4 -65 163 -40 -162
f 4 -107 164 -143 -164
f 4 -68 165 -74 -165
f 4 -7 -146 -10 166
f 4 -42 167 168 169
f 4 -49 170 171 172
f 4 173 174 175 176
f 4 177 178 179 180
f 4 181 182 183 184
f 4 185 186 187 188
f 4 189 190 191 192
f 4 193 194 195 196
f 4 197 -197 198 -179
f 4 199 200 201 202
f 3 203 204 205
f 4 206 207 208 209
f 3 210 211 212
f 3 213 214 215
f 4 216 217 218 219
f 4 220 221 -123 222
f 4 223 224 225 -222
f 4 226 227 228 229
f 4 230 231 232 233
f 4 234 235 -210 236
f 4 237 238 -119 239
f 3 240 241 242
f 4 243 244 245 246
f 4 247 248 249 250
f 3 251 -189 252
f 4 253 254 255 256
f 4 257 258 259 -255
f 4 260 261 262 263
f 4 264 265 266 267
f 4 268 269 270 -266
f 4 271 272 273 -270
f 4 274 275 276 277
f 4 278 279 280 -276
f 4 281 282 283 -280
f 4 284 285 286 287
f 4 288 289 -281 290
f 4 291 292 -277 -290
f 4 293 294 295 -293
f 4 296 297 298 299
f 4 300 -288 301 -298
f 4 302 303 304 305
f 4 306 307 308 309
f 4 310 311 312 -308
f 4 313 314 315 316
f 3 317 318 319
f 4 320 -306 321 322
f 4 -43 323 -322 324
f 4 -170 325 326 -324
f 3 327 328 329
f 4 330 331 332 333
f 4 334 335 336 -332
f 4 337 338 339 -336
f 4 -29 340 -61 341
f 4 342 -83 -63 343
f 4 -48 344 345 346
f 4 -52 -147 347 348
f 4 349 350 351 -229
f 3 352 353 -263
f 3 354 355 356
f 4 357 358 -70 -85
f 4 -131 359 360 -149
f 4 -134 -200 361 362
f 4 -148 -55 -152 -132
f 4 -160 -344 -163 363
f 4 -171 -347 364 365
f 4 -201 -133 366 367
f 4 -218 368 -223 369
f 4 -228 370 -234 371
f 4 -245 372 -251 373
f 4 -262 374 -240 375
f 4 -273 376 -278 377
f 4 -283 378 -268 379
f 4 -304 380 -310 381
f 3 382 -320 383
f 4 -41 -338 -335 384
f 3 385 386 -215
f 4 -128 387 388 -157
f 4 -156 -37 -161 -129
f 4 -168 -385 -331 389
f 4 390 391 -220 392
f 4 393 394 -237 395
f 4 396 -390 -334 397
f 4 -339 -44 -325 398
f 4 399 400 401 -250
f 4 -109 -182 403 404
f 4 -145 405 -150 406
f 4 -183 -108 407 408
f 4 409 410 -253 411
f 4 -259 412 -264 413
f 4 -286 414 -291 415
f 4 416 417 418 419
f 4 420 421 -337 422
f 4 423 -423 -340 424
f 4 425 426 -305 427
f 4 428 429 -309 430
f 4 431 -428 -382 -430
f 4 432 -425 -399 -427
f 4 433 434 435 436
f 4 -178 437 438 439
f 4 440 441 -112 442
f 4 -190 -437 443 444
f 4 445 446 -120 -226
f 4 -198 -440 447 448
f 4 449 450 451 -438
f 4 452 453 454 455
f 4 456 457 458 459
f 4 460 461 462 463
f 4 464 465 466 467
f 4 468 469 470 471
f 4 472 473 474 475
f 3 476 477 478
f 4 479 -460 480 481
f 3 482 -384 483
f 4 484 485 486 -474
f 4 487 488 -378 489
f 4 490 -468 491 492
f 4 493 -472 -398 494
f 4 495 496 497 498
f 4 499 500 -420 501
f 4 502 503 -230 504
f 4 -236 505 -213 506
f 4 507 -495 -333 -422
f 4 508 509 510 -462
f 4 511 512 513 -486
f 3 514 -247 -191
f 4 515 516 -274 -489
f 4 517 518 519 520
f 4 521 522 -302 523
f 4 524 -524 -287 525
f 4 526 527 -284 528
f 4 529 -529 -380 530
f 4 531 -526 -416 -528
f 4 532 533 -271 -517
f 4 534 -502 -299 -523
f 4 -303 535 -135 536
f 4 -307 537 -362 538
f 4 539 -311 540 541
f 4 542 543 -202 544
f 4 545 546 -367 547
f 4 -321 -548 -136 -536
f 4 -381 -537 -363 -538
f 4 548 -545 -368 -547
f 4 -421 549 550 551
f 4 -424 552 553 -550
f 4 -426 554 555 556
f 4 -429 557 558 559
f 4 -432 -560 560 -555
f 4 -433 -557 561 -553
f 4 -461 562 -459 563
f 4 564 565 566 567
f 4 568 -568 -481 -563
f 4 -494 569 -492 570
f 4 -508 -552 571 -570
f 4 572 573 574 -558
f 4 575 576 -551 577
f 4 578 -578 -554 579
f 4 -217 580 -556 581
f 4 -221 582 -559 583
f 4 584 585 -458 586
f 4 -227 587 -457 588
f 3 589 -465 590
f 3 -235 591 592
f 4 -369 -582 -561 -583
f 4 -371 -589 -480 593
f 4 -392 -580 -562 -581
f 3 594 -491 -592
f 4 -504 595 -587 -588
f 3 596 -572 -577
f 4 597 598 -412 599
f 4 -8 600 601 602
f 3 603 604 605
f 3 606 607 -352
f 4 -39 608 -199 609
f 4 610 -350 -372 611
f 4 -72 612 613 614
f 4 -92 615 616 617
f 4 618 -612 -233 619
f 4 620 -606 -246 621
f 3 622 623 624
f 4 -142 -615 -180 -609
f 4 625 -56 -364 -16
f 4 626 -622 -374 -402
f 3 627 -396 628
f 4 629 630 -407 -361
f 3 631 -257 632
f 4 -265 633 -50 634
f 4 -269 -635 -173 635
f 4 -272 -636 -172 636
f 4 -275 637 -365 638
f 4 -279 -639 -346 639
f 4 -282 -640 -345 640
f 4 -377 -637 -366 -638
f 4 -379 -641 -51 -634
f 4 -285 641 -110 642
f 4 -289 643 -404 644
f 4 -292 -645 -185 645
f 4 -294 -646 -184 646
f 4 -297 647 -408 648
f 4 -301 -649 -111 -642
f 4 -415 -643 -405 -644
f 4 649 -647 -409 -648
f 4 650 651 -475 652
f 4 -488 -653 -487 653
f 4 654 655 656 -652
f 4 -516 -654 -514 657
f 4 -519 658 659 660
f 4 -522 661 662 663
f 4 -525 664 665 -662
f 4 -527 666 667 668
f 4 -530 -661 669 -667
f 4 -532 -669 670 -665
f 4 671 672 673 674
f 4 -535 -664 675 676
f 4 677 678 679 680
f 4 -241 -681 681 -513
f 4 -254 682 -663 683
f 4 -258 -684 -666 684
f 4 -261 685 -668 686
f 4 -375 -687 -670 687
f 4 -413 -685 -671 -686
f 4 -473 688 -248 689
f 4 -485 -690 -373 690
f 4 691 692 693 -689
f 4 -512 -691 -244 694
f 4 695 -499 -676 -683
f 4 696 697 -260 698
f 4 699 700 -125 701
f 4 702 703 -118 704
f 3 705 706 707
f 3 708 709 -698
f 4 710 711 -393 712
f 4 713 714 -376 -704
f 3 715 716 -701
f 4 717 -702 -90 -97
f 4 718 719 720 721
f 4 722 723 724 725
f 4 726 -708 -370 727
f 4 729 -699 -414 -354
f 3 730 731 732
f 4 733 -733 734 735
f 4 736 737 738 -387
f 4 739 740 -212 741
f 4 742 -207 -507 -741
f 4 743 -453 -177 -617
f 3 744 -629 -209
f 4 745 746 -388 747
f 4 748 -748 -127 749
f 4 750 -750 -57 751
f 4 752 -752 -626 753
f 3 754 -610 -196
f 4 755 756 -505 -608
f 4 757 -194 -449 758
f 3 759 -126 -717
f 3 760 -728 -122
f 4 761 762 763 764
f 4 765 766 767 -763
f 4 768 769 770 -767
f 3 771 -95 772
f 4 773 774 775 776
f 4 777 -186 -633 778
f 4 779 780 781 782
f 3 783 -600 -188
f 4 784 785 786 787
f 3 788 789 790
f 4 791 792 -401 -790
f 4 793 794 -627 -793
f 4 795 796 -621 -795
f 3 797 -604 -797
f 3 798 799 800
f 3 801 -618 -176
f 4 802 -434 -193 -624
f 4 803 -174 -456 804
f 3 805 806 -436
f 3 807 -705 808
f 4 809 -720 -24 810
f 3 811 -811 812
f 3 813 814 815
f 4 816 817 -730 -815
f 4 818 819 -697 -818
f 4 820 821 822 -820
f 4 823 824 825 826
f 4 827 828 -771 -822
f 4 829 830 -768 -829
f 4 831 832 -764 -831
f 4 833 834 835 -833
f 4 836 837 -727 -835
f 3 838 -706 -838
f 4 839 840 841 842
f 4 843 844 845 846
f 3 847 848 -21
f 4 850 851 852 853
f 4 854 855 856 857
f 4 858 859 -809 -117
f 4 860 861 -444 -807
f 4 862 -678 -243 -862
f 4 863 -238 -688 -660
f 3 864 -675 -680
f 3 865 866 867
f 4 868 869 870 871
f 3 872 -805 873
f 4 874 875 876 -857
f 3 877 878 879
f 4 880 881 882 883
f 4 884 885 -389 886
f 4 887 888 -158 -886
f 3 889 -358 890
f 4 891 892 -349 893
f 4 894 -894 -4 895
f 4 896 -896 -167 897
f 4 898 -898 -9 899
f 4 900 -900 -603 -205
f 4 901 -450 -181 -614
f 3 902 903 904
f 4 905 906 907 908
f 4 909 910 -909 911
f 3 912 913 -904
f 3 914 -443 915
f 3 916 917 -452
f 4 918 919 -439 -918
f 4 920 921 -448 -920
f 4 922 923 -759 -922
f 4 924 925 -735 926
f 4 927 928 929 -926
f 4 930 -25 -719 -929
f 3 931 -400 932
f 4 933 -933 -249 -694
f 4 934 -496 935 -411
f 4 936 -692 -476 -657
f 4 937 -500 -677 -498
f 3 938 -655 939
f 3 940 -446 941
f 4 942 -942 -225 943
f 3 944 -944 945
f 3 946 947 -575
f 4 948 -509 -564 -586
f 4 949 -573 -431 -313
f 3 950 -317 -511
f 4 951 952 -620 953
f 4 954 -954 -232 955
f 3 956 -956 957
f 4 958 -958 959 960
f 4 961 -961 -482 -567
f 4 962 -469 -571 -467
f 3 963 -565 964
f 3 -47 965 966
f 3 967 968 969
f 4 -386 970 971 972
f 4 -214 973 974 -971
f 3 975 -216 976
f 4 -355 977 -35 -889
f 3 978 -106 979
f 3 980 981 982
f 3 983 984 985
f 4 -328 986 987 -471
f 3 988 -330 -319
f 4 -318 989 990 991
f 4 -383 992 993 -990
f 4 -483 -965 994 -993
f 3 -672 995 996
f 3 997 -997 998
f 3 -518 -999 999
f 3 -314 1000 1001
f 3 1002 -1002 1003
f 3 -540 -1004 1004
f 3 -417 1005 1006
f 3 1007 -1007 -478
f 4 -477 -940 1008 1009
f 4 -731 1011 1012 -966
f 4 -711 -970 -1013 1013
f 4 -734 1014 1015 -1012
f 4 1016 -1014 -1016 1017
f 4 -839 1018 1019 -969
f 4 -28 -967 -1020 1020
f 4 -738 1021 -1018 1022
f 4 1023 -868 -872 -1023
f 4 -866 -1024 1024 1025
f 4 -99 1026 -1025 -1015
f 4 -837 1027 1028 -1019
f 4 -341 -1021 -1029 1029
f 3 -737 -973 -1022
f 4 1030 -742 -977 -739
f 4 -740 -1031 -871 1031
f 4 -869 -867 1032 -455
f 4 1033 -1026 1034 1035
f 4 -144 1036 -1035 -1027
f 4 -834 1037 1038 -1028
f 4 1039 -843 -1039 -845
f 3 -840 -1040 1040
f 4 -62 -1030 -842 1041
f 4 -743 -1032 1042 1043
f 4 -454 1044 -1043 -870
f 4 -873 -1036 1045 1046
f 4 1047 1048 -1046 -1037
f 4 -832 1049 -846 -1038
f 4 -844 1050 1051 -1041
f 4 -1052 1052 1053 -841
f 4 -20 -1042 -1054 1054
f 4 1055 -880 -884 1056
f 4 -208 -1044 -1057 1057
f 4 -878 -1056 1058 1059
f 4 -744 1060 -1059 -1045
f 4 1061 -875 1062 -1049
f 4 -804 -1047 -1063 1063
f 4 -830 1064 1065 -1050
f 4 1066 -847 -1066 1067
f 4 -848 -1055 1068 1069
f 4 -78 1070 -1069 -1053
f 4 -745 -1058 -883 1071
f 3 1072 -887 -747
f 4 1073 -1060 1074 1075
f 4 -616 1076 -1075 -1061
f 4 1077 -854 1078 -856
f 4 -175 -1064 -1079 1079
f 3 -876 -1062 1080
f 4 -855 1081 1082 1083
f 4 -828 1084 1085 -1065
f 4 -723 -1068 -1086 1086
f 4 -746 1087 1088 -882
f 4 -953 1089 -1089 1090
f 4 -952 1091 1092 -1090
f 4 -628 -1072 -1093 1093
f 4 -885 -1076 1094 1095
f 4 -91 1096 -1095 -1077
f 4 1097 -1080 1098 1099
f 4 -623 1100 -1099 1101
f 3 -851 -1078 -1084
f 4 -803 -1102 -853 1102
f 4 1103 -858 1104 1105
f 4 1106 1107 -1105 -877
f 4 -825 1108 -1087 1109
f 4 -821 1110 -1110 -1085
f 4 -749 1111 1112 -1088
f 4 -619 -1091 -1113 1113
f 4 -955 1114 1115 -1092
f 4 -394 -1094 -1116 1116
f 4 -888 -1096 1117 -356
f 4 -155 -980 -1118 -1097
f 4 -799 -1100 1118 1119
f 4 1120 1121 -1119 -1101
f 4 -1083 1122 1123 -852
f 4 -435 -1103 -1124 1124
f 4 -808 -1106 1125 1126
f 4 1127 1128 -1126 -1108
f 4 -819 1129 1130 -1111
f 4 -19 1131 -1131 1132
f 3 -824 -724 -1109
f 4 -45 1133 -826 -1132
f 4 -850 1134 1135 -1134
f 4 1136 -827 -1136 1137
f 4 -751 1138 1139 -1112
f 4 -611 -1114 -1140 1140
f 4 -957 1141 1142 -1115
f 4 1143 -1117 -1143 1144
f 4 -890 -357 -105 1145
f 4 -103 1146 -53 -893
f 4 -798 1147 1148 -1122
f 4 -12 -1120 -1149 1149
f 4 -859 1150 1151 -1123
f 4 -806 -1125 -1152 1152
f 4 -810 1153 1154 -1129
f 4 -703 -1127 -1155 1155
f 4 -817 1156 1157 -1130
f 4 -403 -1133 -1158 1158
f 4 -753 1159 1160 -1139
f 4 -351 -1141 -1161 1161
f 4 -959 1162 1163 -1142
f 4 -590 -1145 -1164 1164
f 4 -892 1165 1166 -104
f 4 -359 -1146 -1167 1167
f 4 -796 1168 1169 -1148
f 4 -130 -1150 -1170 1170
f 4 -861 -1153 1171 1172
f 4 -116 1173 -1172 -1151
f 4 -812 -986 1174 -1154
f 4 -714 -1156 -1175 -982
f 4 -814 -983 1175 -1157
f 4 -729 -1159 -1176 -985
f 4 1176 1177 1178 -1160
f 4 -607 -1162 -1179 1179
f 4 -962 1180 1181 -1163
f 4 -466 -1165 -1182 1182
f 4 -895 1183 1184 -1166
f 4 -67 -1168 -1185 1185
f 4 -794 1186 1187 -1169
f 4 -360 -1171 -1188 1188
f 4 -863 -1173 1189 1190
f 4 -239 1191 -1190 -1174
f 4 1192 -756 -1180 1193
f 4 -195 1194 -1194 -1178
f 4 -963 -1183 1195 1196
f 4 -566 1197 -1196 -1181
f 4 -897 1198 1199 -1184
f 4 -166 -1186 -1200 1200
f 4 -792 1201 1202 -1187
f 4 -630 -1189 -1203 1203
f 4 -864 1204 1205 -1192
f 4 -679 -1191 -1206 1206
f 4 -758 1207 1208 -1195
f 4 -447 1209 -1209 1210
f 4 -941 1211 1212 -1210
f 4 -757 -1193 -1213 1213
f 4 -964 -484 1214 -1198
f 4 -470 -1197 -1215 -329
f 4 -899 1215 1216 -1199
f 4 -71 -1201 -1217 1217
f 4 -789 1218 1219 -1202
f 4 1220 -1204 -1220 1221
f 4 -865 -1207 1222 -996
f 4 -659 -1000 -1223 -1205
f 4 -924 1223 1224 -1208
f 4 -121 -1211 -1225 1225
f 4 -943 1226 1227 -1212
f 4 -503 -1214 -1228 1228
f 4 -901 1229 1230 -1216
f 4 -613 -1218 -1231 1231
f 4 1232 -785 -1222 1233
f 4 1234 1235 -1234 -1219
f 4 1236 -1226 1237 1238
f 4 -716 1239 -1238 1240
f 4 -923 1241 1242 -1224
f 4 -760 -1241 -1243 1243
f 4 -945 1244 1245 -1227
f 4 -596 -1229 -1246 1246
f 4 1247 -1232 1248 1249
f 4 -204 1250 -1249 -1230
f 4 -786 -1233 1251 1252
f 4 1253 -598 1254 -1252
f 4 1255 1256 1257 -1236
f 4 -599 -1254 -1258 1258
f 4 -762 -1239 1259 1260
f 4 -700 1261 -1260 -1240
f 4 -921 1262 1263 -1242
f 4 -124 -1244 -1264 1264
f 4 -947 1265 1266 -1245
f 4 -585 -1247 -1267 1267
f 4 -903 -1250 1268 1269
f 4 1270 1271 -1269 -1251
f 4 -784 1272 1273 -1255
f 4 1274 -1253 -1274 1275
f 4 -934 1276 1277 -1257
f 4 -410 -1259 -1278 1278
f 4 -766 -1261 1279 1280
f 4 -718 1281 -1280 -1262
f 4 -919 1282 1283 -1263
f 4 -88 -1265 -1284 1284
f 4 -949 -1268 1285 1286
f 4 -574 1287 -1286 -1266
f 4 1288 1289 1290 -1272
f 4 -442 1291 -1291 1292
f 4 -913 -1270 1293 1294
f 4 -441 1295 -1294 -1292
f 4 -780 -1276 1296 -907
f 4 -187 1297 -1297 -1273
f 4 -935 -1279 1298 1299
f 4 -693 1300 -1299 -1277
f 4 -769 -1281 1301 1302
f 4 -96 1303 -1302 -1282
f 4 -917 1304 1305 -1283
f 4 1306 -1285 -1306 1307
f 4 -950 1308 1309 -1288
f 4 -510 -1287 -1310 1310
f 4 1311 -910 1312 -1290
f 4 1313 -113 -1293 -1313
f 4 -915 -1308 1314 -1296
f 4 1315 -1295 -1315 -1305
f 4 -778 1316 -908 -1298
f 4 -906 1317 -1289 -781
f 4 -937 1318 1319 -1301
f 4 -497 -1300 -1320 1320
f 4 -772 1321 1322 -1304
f 4 1323 -1303 -1323 1324
f 4 -951 -1311 1325 -1001
f 4 -312 -1005 -1326 -1309
f 4 1326 -774 -1325 1327
f 4 1328 -1314 -1328 -1322
f 4 -775 -1327 -912 -1317
f 3 -911 -1312 -1318
f 4 -938 -1321 1329 1330
f 4 -656 1331 -1330 -1319
f 4 -939 -479 1332 -1332
f 4 -501 -1331 -1333 -1006
f 4 -1067 -726 -79 -1051
f 4 -82 -80 -725 -1137
f 4 -916 -115 -137 -1307
f 4 -773 -138 -114 -1329
f 3 -770 1333 -823
f 4 -256 -710 -776 -779
f 4 -206 -602 -782 -1271
f 4 -1275 -783 -601 -787
f 4 -1221 -788 -1 -631
f 3 -406 -5 -348
f 4 -905 1334 -902 -1248
f 4 -914 -1316 -451 -1335
f 4 -754 -15 -755 -1177
f 4 -765 -836 -761 -1237
f 4 -713 -219 -707 -968
f 4 -712 -1017 -972 1335
f 4 -391 -1336 -975 -579
f 4 -974 -976 -211 -576
f 4 -593 -493 -597 -506
f 4 -1144 -591 -595 -395
f 4 -77 -101 -721 -1128
f 4 -930 -722 -100 -736
f 4 -1081 -1048 -75 -1107
f 4 -813 -27 -60 -984
f 3 -1104 -860 -1082
f 4 -981 -816 -353 -715
f 4 -515 -445 -242 -695
f 4 -658 -682 -674 -533
f 4 -998 -521 -534 -673
f 3 -267 -520 -531
f 4 -650 -300 -419 -295
f 4 -1008 -1010 -296 -418
f 3 -490 -1009 -651
f 4 -625 -192 -605 -1121
f 4 -801 -139 -802 -1098
f 3 -800 -11 -140
f 3 -979 -153 -1147
f 4 -84 1336 -978 -891
f 4 -343 -159 -36 -1337
f 4 -879 -1074 -1073 -881
f 3 -594 -960 -231
f 4 -224 -584 -948 -946
f 4 -989 -992 -327 -987
f 4 -169 -397 -988 -326
f 4 -546 -323 -991 1337
f 4 -549 -1338 -994 1338
f 3 -464 -995 -569
f 4 -1339 -463 -316 -543
f 4 -1003 -542 -544 -315
f 3 -203 -541 -539
f 3 -874 -1033 -1034
f 4 -927 -732 -46 -1011
f 4 -777 -709 -1334 -1324
f 4 -936 -696 -632 -252
f 4 -1235 -791 -932 -1256