47 28 127
0.038136333 -0.34754944 0.30125993 -0.061302662 -0.28579617 0.36534953
-0.2074838 -0.22792816 0.38773781 -0.33492616 -0.12815475 0.38994855 -0.43087649 -0.014108658 0.3539176
-0.47425646 0.12322235 0.25825286 -0.039677769 -0.21946144 0.38041019 -0.16200851 -0.094204903 0.41950661
-0.24522552 0.11133766 0.41077781 -0.28453428 0.27105904 0.35012752 -0.28608885 0.41324711 0.25357103
0.00039756298 -0.18968391 0.36780536 -0.093272045 -0.029388428 0.40856498 -0.10304166 0.12250805 0.33084834
-0.091998488 0.24122143 0.22557223 -0.099001512 0.38030624 0.12258506 0.0040013194 -0.37834358 0.26518053
-0.042190045 -0.35171032 0.19274333 -0.12812911 -0.3114481 0.11041662 -0.22863138 -0.24391747 0.05095014
-0.29346985 -0.20294952 0.011708707 -0.05528453 -0.34591484 0.33183008 -0.17465881 -0.33067703 0.30826974
-0.2981208 -0.29642677 0.27809149 -0.39616978 -0.24368286 0.22131753 -0.44248641 -0.17112064 0.12282676
-0.10369696 0.45197582 0.081001103 -0.24721619 0.52437496 0.085967213 -0.02450943 -0.19634628 0.37905997
-0.12500642 -0.05636692 0.41738796 -0.16987 0.13752556 0.37564582 -0.1598395 0.27728081 0.28995115
-0.15582241 0.42334366 0.18616799 -0.17735107 0.52587509 0.10776111 -0.051894099 -0.24343491 0.38059676
-0.18804429 -0.13336754 0.41578525 -0.2872057 0.055896759 0.41706759 -0.35400611 0.18606377 0.36589289
-0.4007189 0.31469822 0.27973294 -0.058251113 -0.26442719 0.37451524 -0.20031641 -0.17884445 0.40377754
-0.31993678 -0.019175529 0.4130218 -0.39076859 0.11402416 0.36649853 -0.44670302 0.23485088 0.27804738
-0.059659123 -0.31377125 0.35138506 -0.20198146 -0.28621387 0.35827267 -0.33220568 -0.2186327 0.35273576
-0.42820191 -0.12218952 0.31869203 -0.47807229 -0.022202492 0.20214006 -0.025673091 -0.3800602 0.29252416
-0.11407055 -0.34594727 0.25298381 -0.21423317 -0.31777191 0.18784988 -0.30661461 -0.2809267 0.12419885
-0.37253082 -0.21312714 0.053478032 -0.011875689 -0.31659412 0.33666664 -0.00044643879 -0.27899837 0.3489747
0.021437287 -0.26591492 0.34426379 0.026027083 -0.36717796 0.2869429 -0.0069290698 -0.34686565 0.31876934
0.010673761 -0.27061081 0.34787863 -0.0071936846 -0.29205036 0.34591615 -0.0084326565 -0.33520603 0.32840675
0.0087112784 -0.36565495 0.29893422 -0.010956734 -0.30315208 0.34195536 -0.24700338 0.51579762 -0.053385481
-0.20145948 0.4851532 -0.099086091 -0.15591453 0.45607471 -0.02925387 -0.27475828 0.52035999 0.0071884394
-0.091551483 0.47179604 0.0053166151 -0.23570287 0.55750275 0.050882161 -0.10276495 0.48872948 0.045927942
-0.16884071 0.56320953 0.06395793 -0.22886986 0.55951118 -0.094566375 -0.1955948 0.51037693 -0.11705686
-0.24663815 0.56895828 -0.040412456 -0.2131445 0.61069584 -0.01412043 -0.13776061 0.62289143 -0.0050048232
-0.07949838 0.55171585 -0.012636304 -0.097739086 0.51089954 -0.055007398 -0.15606833 0.49360657 -0.081434146
-0.334108 0.44322109 0.058563173 -0.29768106 0.50672436 0.025012225 -0.25493786 0.50152111 -0.03702493
-0.2081161 0.45554161 -0.076529637 -0.15406527 0.42489243 -0.013822675 -0.085983306 0.42829132 0.027474076
-0.35744196 0.41177273 0.075365692 -0.38439623 0.37925911 0.094254524 -0.43256283 0.29261684 0.11085001
-0.47713077 0.21204472 0.12547007 -0.46771607 0.046636581 0.090248525 -0.45527524 -0.057957649 0.024602294
-0.40372947 -0.13402843 -0.0005132854 -0.31919008 -0.13515472 -0.10850507 0.049195558 -0.16418552 0.34858644
0.10158923 0.02778244 0.2883516 0.1380575 0.21692562 0.16511568 0.10170999 0.34536076 0.085450709
0.03633523 0.34281921 -0.011259168 0.10583141 -0.26892471 0.25309521 0.15453914 -0.13941956 0.17003208
0.16055214 -0.060351372 0.065806776 0.10652298 -0.0087070465 -0.096767336 -0.010630041 0.10278416 -0.20323443
0.079931617 -0.32040596 0.24187171 0.098040968 -0.27429771 0.14393955 0.023837537 -0.2499218 0.021089286
-0.04713586 -0.18435383 -0.10036713 -0.15709019 -0.08866787 -0.21565954 0.019103587 -0.17545128 0.36689037
-0.01582244 0.038431168 0.38714117 -0.005241096 0.24028587 0.26262319 -0.0057382286 0.34027863 0.14509389
-0.031585485 0.40213966 0.056787252 -0.2297855 -0.16535473 -0.099306002 0.04505533 -0.35963154 0.24761021
0.030807167 -0.33624077 0.1615226 -0.057620466 -0.28904057 0.066100478 -0.14793603 -0.23992157 -0.036941543
0.090978146 -0.20232201 0.30290002 0.13816404 -0.046895981 0.22064173 0.17821628 0.095841408 0.11297408
0.13316491 0.2209568 0.019495547 0.034130812 0.25728989 -0.12180556 0.048387438 -0.27000237 0.32606333
0.073693573 -0.32220459 0.27655333 0.06440258 -0.35041618 0.26803112 0.034123302 -0.26532173 0.33763903
0.046564758 -0.36673164 0.27265167 0.066043764 -0.29192829 0.30082685 -0.24223551 -0.092842102 -0.16487107
-0.25880462 0.0029382706 -0.25246686 -0.26918018 -0.02528286 -0.21725903 -0.25402987 0.023898125 -0.26443776
-0.17112094 0.024317741 -0.24184331 -0.032688051 0.16256714 -0.24379449 -0.024442911 0.30668736 -0.14886877
-0.0113177 0.39122677 -0.034605086 -0.064355254 0.41267872 0.012891084
6 34 0 1 39 0 39 40 0 40 2 0 2 1 0 40 41 0 41 3 0 3 2 0
41 42 0 42 4 0 4 3 0 42 43 0 43 5 0 5 4 0 20 93 0 6 28 0 28 29 0 29 7 0 7 6 0 29 30 0
30 8 0 8 7 0 30 31 0 31 9 0 9 8 0 31 32 0 32 10 0 10 9 0 10 27 0 27 80 0 80 38 0
38 10 0 15 26 0 26 33 0 33 32 0 32 15 0 58 21 0 50 17 0 50 51 0 51 18 0 18 17 0 51 52 0
52 19 0 19 18 0 52 53 0 53 20 0 20 19 0 53 92 0 1 44 0 44 61 0 61 54 0 54 1 0 21 44 0
44 45 0 45 22 0 22 21 0 45 46 0 46 23 0 23 22 0 46 47 0 47 24 0 24 23 0 47 48 0 48 25 0
25 24 0 48 90 0 91 25 0 12 29 0 12 13 0 13 30 0 13 14 0 14 31 0 14 15 0 33 27 0 7 35 0
35 34 0 8 36 0 36 35 0 9 37 0 37 36 0 38 37 0 88 43 0 43 86 0 35 40 0 39 34 0 36 41 0
37 42 0 38 43 0 2 45 0 3 46 0 4 47 0 5 48 0 5 89 0 22 50 0 23 51 0 24 52 0 25 53 0
58 61 0 82 64 0 64 65 0 65 83 0 65 66 0 66 84 0 81 67 0 67 64 0 66 68 0 68 85 0 81 27 0
27 69 0 69 67 0 26 85 0 68 70 0 70 26 0 33 71 0 71 69 0 70 71 0 64 72 0 73 65 0 79 66 0
67 74 0 78 68 0 69 75 0 77 70 0 71 76 0 34 60 0 11 28 0 28 59 0 6 55 0 55 59 0 11 12 0
54 63 0 39 63 0 60 63 0 55 60 0 21 49 0 49 62 0 16 49 0 49 50 0 16 17 0 16 57 0 57 62 0
0 63 0 0 61 0 58 62 0 0 62 0 0 56 0 56 59 0 0 55 0 11 56 0 0 57 0 72 73 0 74 72 0
75 74 0 76 75 0 77 76 0 78 77 0 79 78 0 73 79 0 80 81 0 82 81 0 82 83 0 83 84 0 84 85 0
80 86 0 87 88 0 86 87 0
89 88 0 89 90 0 90 91 0 91 92 0 92 93 0 93 130 0 130 114 0
114 20 0 115 128 0 17 116 0 116 115 0 18 117 0 117 116 0 19 118 0 118 117 0 114 118 0
128 126 0 126 125 0 129 124 0 125 129 0 124 94 0 110 12 0 110 111 0 111 13 0 111 112 0
112 14 0 112 113 0 113 15 0 113 85 0 99 119 0 119 129 0 125 99 0 94 119 0 119 120 0
120 95 0 95 94 0 120 121 0 121 96 0 96 95 0 121 122 0 122 97 0 97 96 0 98 123 0 123 136 0
137 98 0 104 99 0 126 104 0 104 105 0 105 100 0 100 99 0 105 106 0 106 101 0 101 100 0
106 107 0 107 102 0 102 101 0 107 108 0 108 103 0 103 102 0 108 134 0 135 103 0 97 98 0
98 113 0 112 97 0 104 115 0 116 105 0 117 106 0 118 107 0 114 108 0 122 123 0 138 113 0
95 110 0 96 111 0 134 130 0 130 131 0 100 120 0 101 121 0 102 122 0 123 103 0 94 109 0
11 109 0 109 110 0 16 115 0 0 128 0 0 125 0 0 127 0 57 128 0 109 127 0 56 127 0 0 124 0
124 127 0 131 132 0 132 93 0 133 134 0 131 133 0 134 135 0 135 136 0 136 137 0 137 138 0
85 138 0
f 4 1 2 3 4
f 4 -4 5 6 7
f 4 -7 8 9 10
f 4 -10 11 12 13
f 4 15 16 17 18
f 4 -18 19 20 21
f 4 -21 22 23 24
f 4 -24 25 26 27
f 4 28 29 30 31
f 4 32 33 34 35
f 4 -38 38 39 40
f 4 -40 41 42 43
f 4 -43 44 45 46
f 4 -46 47 170 -15
f 4 48 49 50 51
f 4 52 53 54 55
f 4 -55 56 57 58
f 4 -58 59 60 61
f 4 -61 62 63 64
f 4 -64 65 168 66
f 4 68 69 -20 -68
f 4 70 71 -23 -70
f 4 72 -36 -26 -72
f 4 -29 -27 -35 73
f 4 -19 74 75 -1
f 4 -22 76 77 -75
f 4 -25 78 79 -77
f 4 -28 -32 80 -79
f 4 164 81 82 165
f 4 -76 83 -3 84
f 4 -78 85 -6 -84
f 4 -80 86 -9 -86
f 4 -81 87 -12 -87
f 4 -31 163 -83 -88
f 4 -5 88 -54 -49
f 4 -8 89 -57 -89
f 4 -11 90 -60 -90
f 4 -14 91 -63 -91
f 4 92 167 -66 -92
f 4 -59 94 -39 -94
f 4 -62 95 -42 -95
f 4 -65 96 -45 -96
f 4 -67 169 -48 -97
f 4 -37 97 -50 -53
f 4 -161 98 99 100
f 4 -162 -101 101 102
f 4 159 103 104 -99
f 4 -163 -103 105 106
f 4 107 108 109 -104
f 4 110 -107 111 112
f 4 -74 113 114 -109
f 4 -34 -113 115 -114
f 4 -100 116 150 117
f 4 -102 -118 157 118
f 4 -105 119 151 -117
f 4 -106 -119 156 120
f 4 -110 121 152 -120
f 4 -112 -121 155 122
f 4 -115 123 153 -122
f 4 -116 -123 154 -124
f 3 -159 -30 -108
f 4 -93 -13 -82 -167
f 4 -128 0 124 -134
f 4 127 128 -127 -16
f 4 -126 129 67 -17
f 4 -52 130 -132 -2
f 4 -125 -85 131 -133
f 4 36 134 135 -144
f 4 -139 136 137 37
f 4 -56 93 -138 -135
f 4 139 140 -136 -137
f 4 125 126 -147 -149
f 4 141 -131 -51 -143
f 4 142 -98 143 -145
f 4 145 146 -129 -148
f 4 147 133 132 -142
f 3 -150 144 -141
f 4 14 171 172 173
f 4 -41 177 178 -176
f 4 -44 179 180 -178
f 4 -47 -174 181 -180
f 4 -188 188 189 -69
f 4 -190 190 191 -71
f 4 -192 192 193 -73
f 4 -194 194 -111 -33
f 4 195 196 -186 197
f 4 198 199 200 201
f 4 -201 202 203 204
f 4 -204 205 206 207
f 4 208 209 263 210
f 4 211 -198 -184 212
f 4 -212 213 214 215
f 4 -215 216 217 218
f 4 -218 219 220 221
f 4 -221 222 223 224
f 4 -224 225 261 226
f 4 227 228 -193 229
f 4 230 -177 231 -214
f 4 -232 -179 232 -217
f 4 -233 -181 233 -220
f 4 -234 -182 234 -223
f 4 -207 235 -209 -228
f 4 -211 264 236 -229
f 4 -205 238 -189 -238
f 4 -208 -230 -191 -239
f 4 259 239 240 260
f 4 -213 -183 -175 -231
f 4 -216 241 -200 -196
f 4 -219 242 -203 -242
f 4 -222 243 -206 -243
f 4 -227 262 -210 244
f 4 -225 -245 -236 -244
f 4 -187 -185 -197 -199
f 3 -266 -195 -237
f 4 -235 -173 -240 -226
f 4 -258 -241 -172 -259
f 4 -130 246 247 187
f 4 -202 237 -248 -246
f 4 -140 248 174 -253
f 4 -249 138 175 176
f 4 249 182 183 -251
f 4 184 -256 250 185
f 3 251 -255 -146
f 3 149 252 -250
f 4 245 253 -257 186
f 4 148 254 -254 -247
f 3 -252 255 256